0.9960426540284362
1.0
1.0
1.0
1.0
1.0
1.0
1.0
1.0
1.0
0.9954022988505747
1.0
0.9919999999999999
0.9898477157360406
1.0
1.0
1.0
1.0
1.0
0.9837525354969574
0.9980054644808742
0.9942528735632183
0.9979919678714859
1.0
1.0
1.0
1.0
1.0
1.0
0.9970588235294118
0.951544117647059
1.0
1.0
1.0
1.0
1.0
1.0
1.0
0.98666
1.0
0.9823008849557522
0.9855305466237942
1.0
1.0
1.0
1.0
1.0
0.9921599999999999
0.9987775061124694
0.9950166112956811
0.9881305637982196
1.0
1.0
1.0
1.0
1.0
0.9989795918367347
0.9919322033898306
0.8836912751677853
0.9925892857142857
0.9871244635193133
0.9786524822695036
1.0
1.0
1.0
1.0
1.0
0.9997076023391812
1.0
1.0
1.0
1.0
0.9635416666666666
1.0
1.0
1.0
1.0
1.0
1.0
0.9924263038548753
0.875
0.9985714285714286
1.0
1.0
1.0
0.9906790123456791
0.9958273381294965
1.0
1.0
1.0
1.0
1.0
1.0
1.0
0.9969879518072289
1.0
0.975609756097561
1.0
0.9962406015037594
0.9983818770226537
0.9852608695652174
1.0
1.0
1.0
1.0
1.0
0.9996234309623431
1.0
0.9743220338983051
0.6581818181818182
0.9923664122137404
1.0
0.9966666666666667
0.9950980392156863
1.0
0.9945454545454546
0.9961089494163424
0.9948979591836735
1.0
1.0
1.0
1.0
1.0
1.0
0.9901081081081082
1.0
0.9971751412429378
0.9969
1.0
0.9902531645569621
1.0
0.985525114155251
1.0
0.9924803149606298
1.0
1.0
1.0
0.9597619047619048
0.9931404958677686
0.9791964285714286
1.0
0.9045573770491803
0.9920833333333334
0.9968944099378882
0.9777777777777777
0.9939393939393939
1.0
0.9986033519553073
1.0
1.0
1.0
1.0
1.0
1.0
1.0
1.0
1.0
1.0
1.0
1.0
1.0
1.0
1.0
0.9795918367346939
0.9975062972292192
1.0
1.0
1.0
0.9971910112359551
1.0
0.9995
0.9959027777777776
0.9931967213114754
0.9658119658119658
0.9959349593495935
0.9916943521594684
0.18109890109890114
0.06042000000000005
0.049140000000000024
0.05131999999999998
0.06408000000000003
0.08587999999999993
0.04903999999999996
0.045339999999999984
0.05321999999999991
0.08956000000000003
0.07387999999999993
0.046359999999999964
0.048739999999999964
0.0819200000000001
0.08488
0.04815999999999994
0.05141999999999993
0.05755999999999998
0.09124000000000011
0.06792000000000006
0.04819999999999994
0.055319999999999925
0.0683
0.08380000000000001
0.08422000000000003
0.07654000000000007
0.04547999999999993
0.04483999999999998
0.054680000000000055
0.08054000000000007
0.04863999999999999
0.04481999999999995
0.05776
0.08285999999999999
0.04409999999999999
0.04629999999999993
0.05208000000000001
0.07466000000000007
0.05446
0.04575999999999997
0.06702000000000001
0.17746666666666666
1.0
0.9724999999999999
1.0
1.0
0.9870422535211267
1.0
0.9928571428571425
0.9910215053763441
0.9955357142857143
0.9922493887530562
0.9945753424657535
1.0
1.0
1.0
1.0
1.0
1.0
0.9991071428571429
1.0
0.9923195876288661
1.0
1.0
0.9544396551724137
1.0
0.9978441558441558
1.0
1.0
1.0
1.0
0.9950980392156863
0.9973404255319149
0.9942372881355933
1.0
0.9899425287356322
1.0
1.0
1.0
1.0
1.0
1.0
1.0
1.0
0.9978540772532188
0.9962962962962963
0.9920634920634921
1.0
0.9822222222222222
1.0
0.9847457627118644
0.9837037037037037
0.9972527472527473
0.9827433628318584
0.9961977186311787
1.0
1.0
1.0
1.0
1.0
1.0
0.9941077441077442
1.0
0.9923076923076923
1.0
1.0
1.0
1.0
1.0
1.0
1.0
0.9940119760479041
0.9857553956834532
0.9892307692307691
0.9741004184100418
0.9969135802469136
1.0
1.0
1.0
1.0
1.0
1.0
0.9952927927927927
0.9983108108108109
0.9579104477611942
0.9229411764705882
0.9805882352941175
1.0
0.9977631578947368
1.0
1.0
0.08651685393258424
0.28737999999999997
1.0
1.0
1.0
1.0
1.0
1.0
1.0
1.0
1.0
1.0
1.0
1.0
1.0
1.0
1.0
1.0
1.0
1.0
1.0
1.0
1.0
1.0
1.0
0.9294623655913978
0.9960556844547562
0.9378417266187051
1.0
1.0
1.0
1.0
1.0
1.0
1.0
1.0
0.9816206896551725
1.0
0.9685294117647059
0.9774418604651162
0.348825757575757
0.08187999999999987
0.04597999999999999
0.04340000000000002
0.06353999999999994
0.08154000000000002
0.06947999999999994
0.04611999999999992
0.045739999999999996
0.08008000000000019
0.08203999999999995
0.04593999999999996
0.04083999999999996
0.06183999999999992
0.08416000000000001
0.06722000000000002
0.044939999999999966
0.04543999999999995
0.0805600000000001
0.08588
0.04434
0.04406
0.06391999999999999
0.08424000000000002
0.08416000000000004
0.08353999999999985
0.0944600000000001
0.045259999999999814
0.062299999999999925
0.09229999999999998
0.06020000000000008
0.040959999999999885
0.05403999999999997
0.08523999999999982
0.07345999999999997
0.04168000000000004
0.053019999999999956
0.08772000000000005
0.07078000000000008
0.0448399999999999
0.04355999999999997
0.0786737400530504
1.0
1.0
1.0
1.0
1.0
1.0
1.0
1.0
1.0
1.0
1.0
1.0
1.0
1.0
1.0
1.0
1.0
1.0
1.0
0.9980314960629921
0.98
1.0
1.0
1.0
1.0
0.9897058823529414
0.9814814814814815
0.9394699646643108
0.9924066390041495
1.0
1.0
1.0
1.0
1.0
1.0
1.0
0.9863018867924529
1.0
1.0
0.9874285714285715
1.0
1.0
0.5564150943396228
0.8333333333333334
1.0
0.9166666666666666
1.0
1.0
1.0
1.0
1.0
1.0
1.0
1.0
1.0
1.0
1.0
1.0
1.0
1.0
1.0
1.0
1.0
1.0
1.0
1.0
1.0
1.0
1.0
1.0
1.0
1.0
1.0
1.0
1.0
1.0
1.0
1.0
1.0
0.14837837837837833
0.18816582914572869
0.9778640776699029
0.9906382978723405
1.0
0.9947492625368735
0.963248730964467
1.0
0.5
0.9755932203389831
1.0
0.9216666666666666
1.0
1.0
1.0
1.0
1.0
1.0
1.0
1.0
1.0
1.0
1.0
0.9545454545454546
1.0
1.0
1.0
1.0
1.0
1.0
1.0
1.0
1.0
1.0
1.0
1.0
1.0
1.0
1.0
1.0
1.0
1.0
1.0
1.0
1.0
1.0
1.0
1.0
1.0
1.0
1.0
1.0
1.0
1.0
1.0
1.0
1.0
1.0
1.0
1.0
1.0
1.0
1.0
1.0
0.9821428571428571
1.0
1.0
0.8800816326530604
0.8951824817518247
0.9986559139784946
0.9934036939313984
0.983448275862069
1.0
1.0
1.0
1.0
0.9975369458128078
1.0
1.0
1.0
1.0
1.0
1.0
1.0
1.0
1.0
1.0
1.0
1.0
1.0
1.0
1.0
1.0
1.0
1.0
1.0
1.0
1.0
1.0
1.0
1.0
1.0
1.0
1.0
1.0
1.0
1.0
1.0
1.0
1.0
1.0
1.0
1.0
1.0
1.0
1.0
1.0
1.0
1.0
1.0
1.0
1.0
1.0
1.0
1.0
1.0
1.0
1.0
1.0
1.0
1.0
1.0
1.0
1.0
1.0
1.0
1.0
1.0
1.0
1.0
1.0
1.0
1.0
1.0
1.0
1.0
1.0
1.0
1.0
1.0
1.0
1.0
1.0
1.0
1.0
1.0
1.0
1.0
1.0
1.0
1.0
1.0
0.9962203023758099
0.9932584269662922
0.9960000000000004
1.0
1.0
1.0
1.0
1.0
0.75
1.0
1.0
1.0
1.0
1.0
1.0
1.0
1.0
1.0
1.0
0.33
0.665
0.875
1.0
1.0
1.0
1.0
1.0
1.0
1.0
1.0
1.0
1.0
1.0
1.0
1.0
1.0
1.0
1.0
1.0
1.0
1.0
1.0
1.0
1.0
1.0
1.0
1.0
1.0
1.0
1.0
1.0
1.0
1.0
1.0
1.0
1.0
1.0
1.0
1.0
1.0
1.0
1.0
1.0
1.0
1.0
0.33
1.0
1.0
1.0
1.0
1.0
1.0
1.0
1.0
1.0
1.0
1.0
1.0
1.0
1.0
1.0
1.0
1.0
1.0
1.0
1.0
1.0
1.0
1.0
1.0
1.0
1.0
1.0
1.0
0.5
1.0
1.0
1.0
1.0
1.0
1.0
0.5
1.0
1.0
0.875
1.0
1.0
1.0
1.0
1.0
1.0
1.0
1.0
1.0
1.0
1.0
1.0
1.0
1.0
1.0
1.0
1.0
1.0
1.0
1.0
1.0
1.0
1.0
1.0
1.0
1.0
1.0
1.0
1.0
1.0
1.0
1.0
1.0
1.0
1.0
1.0
1.0
1.0
1.0
1.0
1.0
1.0
1.0
1.0
1.0
1.0
0.665
1.0
1.0
1.0
1.0
1.0
1.0
1.0
1.0
1.0
1.0
1.0
1.0
1.0
1.0
1.0
1.0
1.0
1.0
1.0
1.0
1.0
1.0
1.0
1.0
1.0
1.0
1.0
1.0
1.0
1.0
0.665
1.0
1.0
1.0
1.0
1.0
1.0
1.0
1.0
1.0
0.8325
1.0
1.0
1.0
1.0
1.0
1.0
1.0
1.0
1.0
1.0
1.0
1.0
1.0
1.0
1.0
1.0
1.0
1.0
1.0
1.0
1.0
1.0
1.0
1.0
1.0
1.0
1.0
1.0
1.0
1.0
1.0
1.0
1.0
1.0
1.0
1.0
1.0
1.0
1.0
1.0
1.0
1.0
1.0
1.0
1.0
1.0
1.0
1.0
1.0
1.0
1.0
1.0
1.0
1.0
1.0
1.0
1.0
1.0
1.0
1.0
1.0
1.0
1.0
1.0
1.0
1.0
1.0
1.0
1.0
1.0
1.0
1.0
1.0
1.0
1.0
1.0
1.0
1.0
1.0
1.0
1.0
1.0
1.0
1.0
1.0
1.0
1.0
1.0
1.0
1.0
1.0
1.0
1.0
1.0
1.0
1.0
1.0
1.0
1.0
1.0
0.33
1.0
1.0
1.0
1.0
1.0
1.0
1.0
1.0
1.0
1.0
1.0
1.0
1.0
1.0
1.0
1.0
1.0
1.0
1.0
1.0
1.0
1.0
1.0
1.0
1.0
1.0
1.0
1.0
1.0
1.0
1.0
1.0
1.0
1.0
1.0
1.0
1.0
1.0
1.0
1.0
1.0
1.0
0.33
1.0
1.0
1.0
1.0
1.0
1.0
1.0
1.0
1.0
1.0
1.0
1.0
1.0
1.0
1.0
1.0
1.0
1.0
1.0
1.0
1.0
1.0
1.0
1.0
1.0
1.0
1.0
1.0
1.0
1.0
1.0
1.0
1.0
1.0
1.0
1.0
1.0
1.0
1.0
1.0
1.0
0.33
1.0
1.0
1.0
1.0
1.0
1.0
1.0
1.0
1.0
1.0
1.0
1.0
1.0
1.0
1.0
1.0
1.0
1.0
1.0
1.0
1.0
1.0
1.0
1.0
1.0
1.0
1.0
1.0
1.0
1.0
1.0
0.33
1.0
1.0
1.0
1.0
1.0
1.0
1.0
1.0
1.0
1.0
1.0
1.0
1.0
1.0
1.0
1.0
1.0
1.0
1.0
1.0
1.0
1.0
1.0
1.0
1.0
1.0
1.0
1.0
1.0
1.0
1.0
1.0
1.0
1.0
1.0
1.0
1.0
1.0
1.0
1.0
1.0
1.0
1.0
1.0
1.0
1.0
1.0
1.0
1.0
1.0
1.0
1.0
1.0
1.0
1.0
0.89
1.0
1.0
1.0
1.0
1.0
0.875
1.0
1.0
0.33
1.0
1.0
1.0
1.0
1.0
1.0
1.0
1.0
1.0
0.9978165938864629
1.0
0.9775319148936171
1.0
0.9950549450549451
1.0
1.0
0.9823170731707317
0.9935294117647059
0.9879420289855073
0.9852941176470589
1.0
0.9
1.0
1.0
1.0
1.0
1.0
0.75
1.0
0.8333333333333334
0.945
1.0
1.0
1.0
1.0
0.9759459459459459
0.99048231511254
0.9960888888888889
0.23369330453563714
1.0
1.0
1.0
1.0
1.0
1.0
1.0
1.0
1.0
1.0
1.0
1.0
1.0
1.0
1.0
1.0
1.0
1.0
1.0
1.0
1.0
1.0
1.0
1.0
1.0
1.0
1.0
1.0
1.0
1.0
1.0
1.0
1.0
1.0
1.0
1.0
1.0
1.0
1.0
1.0
1.0
1.0
1.0
1.0
1.0
1.0
1.0
1.0
1.0
1.0
1.0
1.0
1.0
1.0
1.0
1.0
1.0
1.0
1.0
1.0
1.0
1.0
1.0
1.0
1.0
1.0
1.0
1.0
1.0
1.0
1.0
1.0
1.0
1.0
1.0
1.0
1.0
1.0
1.0
1.0
1.0
1.0
1.0
1.0
1.0
1.0
1.0
1.0
1.0
1.0
1.0
1.0
1.0
1.0
1.0
1.0
1.0
1.0
1.0
1.0
1.0
1.0
1.0
1.0
1.0
1.0
1.0
1.0
1.0
1.0
1.0
1.0
1.0
1.0
1.0
1.0
1.0
1.0
1.0
1.0
1.0
1.0
1.0
1.0
1.0
1.0
1.0
1.0
1.0
1.0
1.0
1.0
1.0
1.0
1.0
1.0
1.0
1.0
1.0
1.0
1.0
1.0
1.0
1.0
1.0
1.0
1.0
1.0
1.0
1.0
1.0
1.0
1.0
1.0
1.0
1.0
1.0
1.0
1.0
1.0
1.0
1.0
1.0
1.0
1.0
1.0
1.0
1.0
1.0
1.0
1.0
1.0
1.0
1.0
1.0
1.0
1.0
1.0
1.0
1.0
1.0
1.0
1.0
1.0
1.0
1.0
1.0
1.0
1.0
1.0
1.0
1.0
1.0
1.0
1.0
1.0
1.0
1.0
1.0
1.0
1.0
1.0
1.0
1.0
1.0
1.0
1.0
1.0
1.0
1.0
1.0
1.0
1.0
1.0
1.0
1.0
1.0
1.0
1.0
1.0
1.0
1.0
1.0
1.0
1.0
1.0
1.0
1.0
1.0
1.0
1.0
1.0
1.0
1.0
1.0
1.0
1.0
1.0
1.0
1.0
1.0
1.0
1.0
1.0
1.0
1.0
1.0
1.0
1.0
1.0
1.0
1.0
1.0
1.0
1.0
1.0
1.0
1.0
1.0
1.0
1.0
1.0
1.0
1.0
1.0
1.0
1.0
1.0
1.0
1.0
1.0
1.0
1.0
1.0
1.0
1.0
1.0
1.0
1.0
1.0
1.0
1.0
1.0
1.0
1.0
1.0
1.0
1.0
1.0
1.0
1.0
1.0
1.0
1.0
1.0
1.0
1.0
1.0
1.0
1.0
1.0
1.0
1.0
1.0
1.0
1.0
1.0
1.0
1.0
1.0
1.0
1.0
1.0
1.0
1.0
1.0
1.0
1.0
1.0
1.0
1.0
1.0
1.0
1.0
1.0
1.0
1.0
1.0
1.0
1.0
1.0
1.0
1.0
1.0
1.0
1.0
1.0
1.0
1.0
1.0
1.0
1.0
1.0
1.0
1.0
1.0
1.0
1.0
1.0
1.0
1.0
1.0
1.0
1.0
1.0
1.0
1.0
1.0
1.0
1.0
1.0
1.0
1.0
1.0
1.0
1.0
1.0
1.0
1.0
1.0
1.0
1.0
1.0
1.0
1.0
1.0
1.0
1.0
1.0
1.0
1.0
1.0
1.0
1.0
1.0
1.0
0.9882269503546098
0.9758095238095239
0.75
1.0
1.0
1.0
1.0
1.0
0.87
1.0
1.0
1.0
1.0
1.0
1.0
1.0
1.0
1.0
0.8333333333333334
1.0
1.0
1.0
1.0
1.0
1.0
0.5
1.0
1.0
0.67
1.0
1.0
1.0
0.8333333333333334
0.75
1.0
1.0
1.0
1.0
0.835
1.0
0.33
1.0
1.0
1.0
1.0
1.0
1.0
1.0
0.33
0.8333333333333334
1.0
1.0
1.0
1.0
0.8333333333333334
1.0
1.0
1.0
1.0
1.0
1.0
1.0
1.0
1.0
1.0
1.0
0.5
1.0
1.0
1.0
1.0
0.835
0.835
1.0
1.0
0.9528571428571428
1.0
1.0
0.9285714285714286
1.0
0.875
0.9956521739130435
0.9935279805352799
0.9951748251748251
1.0
1.0
1.0
0.8662275449101796
0.9392875318066157
0.9777611940298506
1.0
0.9912048192771082
1.0
1.0
1.0
1.0
1.0
0.5
1.0
1.0
1.0
1.0
1.0
0.4
1.0
1.0
1.0
1.0
1.0
0.5
1.0
1.0
1.0
1.0
0.7766666666666667
1.0
1.0
1.0
0.75
0.5
0.7999999999999999
0.8976923076923077
0.8
1.0
1.0
1.0
0.75
0.5
0.5
0.5
1.0
1.0
0.665
1.0
0.665
1.0
0.585
0.33
0.558
1.0
1.0
1.0
1.0
1.0
0.89
1.0
0.875
0.5533333333333333
0.7766666666666667
1.0
1.0
0.9375
0.9654838709677418
0.9987684729064039
0.9732142857142857
1.0
1.0
0.9881699346405228
0.9919946808510627
0.9635947712418304
0.9779032258064516
0.9478181818181818
0.9705376344086019
0.9844736842105263
0.75
1.0
1.0
1.0
1.0
1.0
1.0
1.0
1.0
1.0
1.0
1.0
1.0
0.5
0.8325
1.0
0.5
1.0
0.5
1.0
1.0
1.0
0.665
0.5980000000000001
0.835
1.0
1.0
1.0
0.5
0.5
0.2
1.0
0.33
1.0
1.0
1.0
1.0
0.5533333333333333
1.0
0.8333333333333334
1.0
1.0
0.5
1.0
1.0
0.5
1.0
1.0
1.0
1.0
0.5
1.0
1.0
1.0
1.0
1.0
0.5
1.0
1.0
1.0
1.0
1.0
1.0
1.0
1.0
1.0
1.0
0.8325
1.0
1.0
1.0
1.0
0.2
0.2
1.0
1.0
1.0
1.0
0.665
1.0
1.0
1.0
1.0
1.0
0.7766666666666667
1.0
1.0
1.0
0.875
1.0
1.0
0.75
1.0
0.265
1.0
1.0
1.0
1.0
1.0
1.0
1.0
1.0
1.0
0.5
0.5825
1.0
1.0
0.5
1.0
1.0
1.0
1.0
1.0
1.0
1.0
1.0
1.0
0.5
1.0
1.0
1.0
1.0
1.0
1.0
1.0
0.6
1.0
1.0
1.0
0.4975
1.0
1.0
1.0
1.0
0.7766666666666667
0.5
1.0
0.7766666666666667
1.0
1.0
1.0
1.0
1.0
0.5
0.665
1.0
0.33
0.665
1.0
0.665
1.0
1.0
1.0
1.0
1.0
0.5
1.0
1.0
1.0
1.0
0.665
1.0
0.5
1.0
1.0
1.0
1.0
0.4
1.0
1.0
1.0
1.0
0.75
0.33
1.0
1.0
1.0
1.0
1.0
1.0
1.0
1.0
1.0
0.41500000000000004
1.0
1.0
1.0
1.0
1.0
1.0
0.5
1.0
1.0
1.0
1.0
1.0
1.0
1.0
1.0
0.5
1.0
1.0
1.0
0.5
1.0
0.5
1.0
1.0
1.0
1.0
1.0
1.0
1.0
1.0
0.5
1.0
1.0
1.0
0.5
1.0
1.0
1.0
1.0
1.0
1.0
1.0
1.0
1.0
1.0
1.0
1.0
1.0
1.0
1.0
1.0
0.2
1.0
1.0
1.0
1.0
1.0
1.0
1.0
0.5
1.0
1.0
0.2
1.0
1.0
1.0
0.5
1.0
1.0
1.0
1.0
1.0
1.0
1.0
1.0
1.0
1.0
0.665
1.0
1.0
1.0
1.0
0.67
1.0
1.0
1.0
1.0
1.0
0.5
1.0
1.0
0.7766666666666667
1.0
1.0
1.0
1.0
1.0
0.5
1.0
1.0
1.0
1.0
1.0
1.0
0.67
1.0
0.5
0.5
1.0
1.0
0.5
1.0
1.0
0.2
1.0
1.0
1.0
1.0
1.0
1.0
1.0
1.0
1.0
1.0
0.33
1.0
1.0
1.0
1.0
1.0
1.0
1.0
1.0
0.5
1.0
1.0
1.0
0.665
1.0
0.33
1.0
1.0
1.0
0.67
1.0
1.0
1.0
1.0
1.0
1.0
1.0
1.0
1.0
0.33
1.0
1.0
1.0
1.0
1.0
1.0
1.0
1.0
1.0
1.0
1.0
1.0
1.0
1.0
1.0
1.0
0.665
1.0
1.0
1.0
1.0
0.33
1.0
1.0
0.5
0.665
1.0
1.0
1.0
1.0
1.0
1.0
1.0
1.0
1.0
1.0
1.0
1.0
1.0
1.0
0.665
1.0
0.5
1.0
1.0
1.0
1.0
1.0
1.0
1.0
1.0
0.33
1.0
1.0
1.0
1.0
1.0
1.0
1.0
1.0
0.665
1.0
1.0
0.665
1.0
1.0
1.0
1.0
1.0
1.0
1.0
1.0
1.0
0.5
1.0
1.0
0.665
1.0
1.0
1.0
1.0
1.0
1.0
1.0
1.0
1.0
1.0
1.0
1.0
1.0
1.0
0.5
1.0
1.0
0.2
1.0
1.0
1.0
1.0
1.0
1.0
1.0
1.0
0.5
1.0
1.0
1.0
1.0
0.665
1.0
1.0
1.0
1.0
1.0
1.0
0.5
0.665
1.0
1.0
1.0
1.0
0.5
1.0
1.0
1.0
1.0
1.0
1.0
1.0
1.0
1.0
0.5
1.0
1.0
1.0
1.0
1.0
1.0
1.0
1.0
1.0
0.5
1.0
1.0
1.0
0.41500000000000004
1.0
1.0
1.0
1.0
1.0
1.0
1.0
1.0
1.0
1.0
1.0
1.0
1.0
1.0
1.0
1.0
1.0
1.0
1.0
0.8
1.0
0.41500000000000004
1.0
1.0
1.0
1.0
1.0
1.0
1.0
1.0
1.0
1.0
0.665
1.0
1.0
1.0
0.5
1.0
1.0
1.0
0.665
1.0
1.0
1.0
1.0
1.0
1.0
0.2
1.0
1.0
0.5
1.0
1.0
1.0
1.0
1.0
1.0
1.0
1.0
1.0
1.0
0.5
1.0
1.0
1.0
1.0
1.0
1.0
1.0
1.0
1.0
1.0
1.0
1.0
1.0
1.0
1.0
1.0
1.0
1.0
1.0
1.0
1.0
0.5
1.0
1.0
0.665
1.0
0.7766666666666667
1.0
1.0
0.665
1.0
1.0
1.0
1.0
1.0
1.0
1.0
1.0
1.0
1.0
1.0
0.2
1.0
1.0
0.5
1.0
1.0
0.5
1.0
1.0
1.0
1.0
1.0
0.8125
1.0
1.0
1.0
1.0
0.5980000000000001
0.67
0.665
0.5266666666666667
1.0
1.0
0.75
0.75
1.0
0.3866666666666667
1.0
1.0
0.665
0.67
0.41500000000000004
0.5
1.0
1.0
1.0
0.41500000000000004
1.0
0.665
1.0
1.0
1.0
1.0
1.0
0.5
1.0
1.0
0.5
1.0
0.8333333333333334
0.9923529411764707
0.9948450704225352
0.11555789473684208
0.060860000000000004
0.049239999999999964
0.04983999999999997
0.08546
0.08406000000000005
0.046959999999999974
0.04735999999999997
0.07197999999999997
0.0822200000000001
0.06299999999999993
0.04627999999999997
0.04897999999999998
0.08658000000000009
0.08060000000000007
0.044979999999999964
0.04911999999999994
0.06403999999999992
0.08520000000000011
0.06069999999999998
0.04703999999999997
0.05433999999999996
0.08593999999999995
0.09004000000000008
0.08274000000000002
0.09
0.040619999999999955
0.04839999999999993
0.09168000000000008
0.06231999999999994
0.04283999999999991
0.04769999999999997
0.08998000000000003
0.0702
0.041299999999999955
0.04677999999999992
0.08694000000000006
0.08530000000000008
0.04727999999999995
0.047540000000000034
0.06511999999999996
0.13172043010752685
0.6535964912280701
0.7929829545454546
0.9834375
1.0
0.9984342379958246
0.9879918032786886
1.0
1.0
0.8857894736842105
1.0
1.0
1.0
1.0
1.0
0.8333333333333334
1.0
0.5533333333333333
0.5
0.665
0.5
0.665
0.5
0.75
0.7216666666666667
0.75
1.0
0.75
0.5
0.77
0.665
0.835
0.75
0.99609375
0.9834740259740259
0.0984269662921348
0.0509999999999999
0.05095999999999992
0.09177999999999994
0.05361999999999988
0.05169999999999994
0.05267999999999992
0.052499999999999915
0.08825999999999996
0.05515999999999994
0.05281999999999991
0.04891999999999994
0.05296000000000001
0.07654000000000001
0.06241999999999987
0.05277999999999993
0.057119999999999935
0.06499999999999993
0.3884999999999999
0.2741200000000001
0.2964600000000001
0.3280200000000001
0.056739999999999895
0.05267999999999992
0.05335999999999989
0.05187999999999991
0.09066000000000006
0.055639999999999905
0.05159999999999993
0.05311999999999996
0.06567999999999993
0.07103999999999996
0.10173999999999989
0.10214000000000012
0.10545999999999998
0.10085999999999998
0.09983999999999986
0.07076
0.052959999999999945
0.052439999999999896
0.04933999999999994
0.05951999999999994
0.07529999999999998
0.05007999999999997
0.051399999999999946
0.051879999999999905
0.057760000000000006
0.08116000000000004
0.051399999999999904
0.07691542288557209
1.0
0.9740845070422535
0.9728358208955225
0.9918627450980392
1.0
1.0
1.0
1.0
1.0
1.0
1.0
1.0
1.0
1.0
1.0
1.0
1.0
1.0
1.0
1.0
1.0
1.0
1.0
1.0
1.0
1.0
1.0
1.0
1.0
1.0
1.0
1.0
1.0
1.0
1.0
1.0
1.0
1.0
1.0
1.0
1.0
1.0
1.0
1.0
1.0
1.0
1.0
1.0
1.0
1.0
1.0
1.0
1.0
1.0
1.0
1.0
1.0
1.0
1.0
1.0
1.0
1.0
1.0
1.0
1.0
1.0
1.0
1.0
1.0
1.0
1.0
1.0
1.0
1.0
1.0
1.0
1.0
1.0
1.0
1.0
1.0
1.0
1.0
1.0
1.0
1.0
1.0
1.0
1.0
1.0
1.0
1.0
1.0
1.0
1.0
1.0
1.0
1.0
1.0
1.0
1.0
1.0
1.0
1.0
1.0
1.0
1.0
1.0
1.0
1.0
1.0
0.995754716981132
0.9784656084656085
0.9797041420118341
0.9585643564356435
0.9752046783625731
0.975544217687075
1.0
0.4
0.61
1.0
1.0
0.61
0.5
1.0
0.665
1.0
0.5
1.0
0.5
0.8333333333333334
1.0
1.0
0.2
0.5
1.0
1.0
1.0
0.8333333333333334
0.5
1.0
1.0
0.515
0.5
0.41500000000000004
0.2
1.0
1.0
0.5
1.0
1.0
0.5
0.5266666666666667
0.61
1.0
1.0
1.0
1.0
1.0
0.75
1.0
1.0
0.6933333333333334
1.0
1.0
1.0
1.0
1.0
1.0
1.0
1.0
1.0
0.5
0.5
1.0
1.0
1.0
1.0
1.0
1.0
1.0
1.0
1.0
1.0
0.2
1.0
1.0
1.0
0.17
0.365
0.67
1.0
1.0
1.0
1.0
1.0
1.0
0.665
1.0
1.0
1.0
1.0
1.0
1.0
0.5533333333333333
1.0
1.0
1.0
1.0
1.0
0.5
1.0
1.0
1.0
1.0
0.5
1.0
1.0
1.0
0.6
1.0
1.0
1.0
1.0
1.0
1.0
1.0
1.0
1.0
0.5
1.0
1.0
1.0
1.0
1.0
0.665
1.0
0.67
1.0
1.0
0.75
1.0
1.0
0.5
0.7766666666666667
0.665
1.0
1.0
0.67
1.0
1.0
1.0
1.0
0.625
1.0
1.0
1.0
1.0
1.0
0.866
1.0
1.0
1.0
1.0
0.665
1.0
1.0
0.665
1.0
1.0
1.0
0.54
1.0
1.0
1.0
0.665
0.17
1.0
1.0
0.5
1.0
1.0
0.2
1.0
1.0
1.0
1.0
1.0
1.0
0.5
1.0
0.7766666666666667
1.0
1.0
1.0
1.0
1.0
1.0
0.5
1.0
1.0
1.0
1.0
0.2
1.0
1.0
0.2
1.0
1.0
1.0
1.0
0.2
1.0
0.33
1.0
1.0
0.5
1.0
0.5
1.0
1.0
1.0
0.665
1.0
1.0
1.0
1.0
1.0
0.8333333333333334
1.0
1.0
0.33
1.0
1.0
1.0
0.5
1.0
1.0
1.0
1.0
0.7766666666666667
1.0
0.2
1.0
1.0
1.0
1.0
0.5
1.0
1.0
1.0
1.0
1.0
1.0
1.0
0.5
1.0
1.0
0.7766666666666667
1.0
1.0
1.0
0.5
1.0
1.0
0.665
1.0
1.0
1.0
1.0
1.0
0.8125
0.2
0.67
0.8333333333333334
1.0
1.0
1.0
0.7766666666666667
1.0
1.0
1.0
0.5
1.0
1.0
0.665
1.0
1.0
0.2
1.0
1.0
1.0
1.0
1.0
1.0
1.0
0.665
1.0
1.0
0.625
1.0
1.0
1.0
1.0
1.0
1.0
0.5533333333333333
1.0
1.0
0.2
0.67
1.0
1.0
1.0
1.0
1.0
1.0
1.0
1.0
1.0
1.0
1.0
0.2
1.0
1.0
0.665
1.0
1.0
0.665
1.0
1.0
0.5
0.75
1.0
1.0
1.0
1.0
0.4
0.665
1.0
1.0
0.665
1.0
1.0
0.5
1.0
1.0
1.0
0.5533333333333333
1.0
1.0
0.5
0.665
1.0
1.0
1.0
0.6
0.5
1.0
1.0
1.0
1.0
1.0
0.665
1.0
1.0
1.0
1.0
0.5
1.0
1.0
1.0
1.0
1.0
1.0
1.0
1.0
1.0
1.0
1.0
1.0
0.41500000000000004
1.0
0.2
1.0
1.0
1.0
0.665
1.0
1.0
1.0
1.0
1.0
1.0
1.0
1.0
0.5
1.0
1.0
1.0
0.665
1.0
0.33
1.0
1.0
0.5
1.0
1.0
0.665
1.0
0.2
1.0
1.0
0.5
1.0
1.0
0.625
1.0
1.0
0.5
1.0
1.0
0.665
1.0
0.5
0.5
1.0
1.0
0.5
1.0
0.5
1.0
1.0
0.5
1.0
1.0
0.665
1.0
1.0
1.0
1.0
1.0
1.0
1.0
1.0
1.0
1.0
1.0
1.0
1.0
1.0
1.0
1.0
1.0
0.5
1.0
1.0
0.5
1.0
1.0
1.0
1.0
1.0
1.0
0.665
1.0
0.665
1.0
1.0
1.0
1.0
0.4
1.0
1.0
1.0
0.7766666666666667
1.0
1.0
0.665
1.0
0.665
1.0
0.665
1.0
0.625
1.0
1.0
1.0
0.4
1.0
1.0
0.375
1.0
0.665
1.0
0.665
1.0
0.2
1.0
1.0
0.5
1.0
1.0
0.2
1.0
1.0
0.5
1.0
0.4
1.0
1.0
1.0
1.0
1.0
1.0
1.0
1.0
1.0
0.5
1.0
1.0
1.0
1.0
1.0
1.0
1.0
0.665
1.0
1.0
1.0
0.75
0.4
1.0
1.0
0.5
1.0
1.0
0.665
1.0
1.0
0.2
1.0
1.0
0.2
1.0
0.33
1.0
1.0
1.0
1.0
1.0
0.665
1.0
0.665
1.0
1.0
0.2
1.0
1.0
1.0
1.0
1.0
1.0
1.0
1.0
0.5
1.0
1.0
1.0
0.833076923076923
0.7766666666666667
0.665
0.2
1.0
1.0
1.0
1.0
1.0
0.4
0.724
1.0
0.625
1.0
0.5
0.4
1.0
0.3866666666666667
1.0
0.7766666666666667
0.716
0.75
0.5
1.0
0.665
1.0
1.0
0.5
0.75
1.0
1.0
1.0
0.8333333333333334
0.665
1.0
0.8333333333333334
0.8
0.5533333333333333
1.0
0.2
1.0
0.9813454545454545
0.9931640625
0.9781578947368421
1.0
0.4101086956521738
1.0
1.0
1.0
1.0
0.9628358208955222
0.9320833333333334
0.9766497461928935
0.9698816568047339
0.9618644067796609
0.9728880866425991
1.0
1.0
1.0
1.0
0.5
0.5
0.8333333333333334
0.6666666666666666
1.0
0.25
1.0
1.0
0.2
1.0
1.0
0.75
1.0
1.0
1.0
1.0
1.0
1.0
1.0
0.8333333333333334
1.0
0.75
1.0
1.0
0.5
1.0
0.75
1.0
1.0
0.63
1.0
0.265
0.7766666666666667
1.0
1.0
1.0
1.0
1.0
1.0
0.2
1.0
1.0
0.665
0.665
0.2
1.0
1.0
1.0
0.5
0.665
1.0
1.0
0.7333333333333334
1.0
1.0
1.0
0.5
0.4
0.2
0.5
0.5
1.0
0.4
1.0
1.0
1.0
1.0
1.0
1.0
1.0
1.0
1.0
1.0
1.0
1.0
1.0
1.0
0.5
1.0
1.0
0.5
1.0
1.0
0.5
0.2
1.0
1.0
0.67
0.2
0.5
1.0
0.665
1.0
1.0
1.0
1.0
0.5825
1.0
0.7075
0.5
0.67
1.0
1.0
1.0
0.7766666666666667
1.0
1.0
0.4
1.0
1.0
1.0
1.0
1.0
1.0
1.0
1.0
0.5
1.0
1.0
1.0
1.0
1.0
1.0
1.0
1.0
1.0
1.0
1.0
0.5
0.8400000000000001
1.0
0.2
1.0
1.0
1.0
1.0
1.0
1.0
1.0
1.0
1.0
1.0
0.5
0.7766666666666667
1.0
1.0
0.625
0.4
1.0
1.0
1.0
1.0
0.35
1.0
1.0
1.0
0.5266666666666667
1.0
0.5
1.0
1.0
1.0
1.0
0.5
1.0
1.0
1.0
0.5
0.25
1.0
1.0
1.0
1.0
0.75
1.0
1.0
1.0
1.0
0.5
0.5
1.0
1.0
1.0
1.0
0.75
1.0
0.5
1.0
0.5
1.0
0.67
0.75
1.0
1.0
0.75
1.0
0.33
1.0
1.0
1.0
0.5
0.8333333333333334
1.0
1.0
1.0
0.5
0.2
0.75
1.0
1.0
0.2
0.33
1.0
1.0
1.0
1.0
1.0
1.0
0.2
1.0
1.0
1.0
0.41500000000000004
1.0
1.0
1.0
1.0
1.0
1.0
1.0
0.5
0.5
1.0
1.0
1.0
1.0
1.0
1.0
1.0
1.0
1.0
1.0
0.5
1.0
1.0
1.0
0.2
1.0
1.0
1.0
0.67
1.0
0.5
1.0
1.0
1.0
1.0
0.5
0.7766666666666667
1.0
0.665
0.5
0.2
1.0
1.0
1.0
1.0
1.0
1.0
1.0
0.5
0.2
1.0
1.0
1.0
0.665
1.0
0.665
1.0
1.0
1.0
1.0
1.0
0.75
1.0
0.33
1.0
1.0
0.2
0.665
1.0
1.0
1.0
0.5
1.0
1.0
1.0
0.2
1.0
1.0
0.5
1.0
1.0
0.2
1.0
1.0
0.625
1.0
1.0
1.0
1.0
1.0
1.0
0.2
1.0
0.2
1.0
1.0
0.33
1.0
1.0
0.665
1.0
1.0
0.25
1.0
1.0
1.0
1.0
0.2
1.0
1.0
1.0
0.4
1.0
1.0
1.0
0.7766666666666667
1.0
0.2
1.0
1.0
1.0
0.5
1.0
1.0
1.0
0.5
1.0
1.0
1.0
1.0
1.0
0.5
1.0
1.0
1.0
0.5
1.0
1.0
0.67
1.0
1.0
1.0
1.0
1.0
1.0
1.0
1.0
1.0
0.665
1.0
1.0
1.0
1.0
1.0
1.0
1.0
0.5
1.0
1.0
1.0
1.0
1.0
0.665
1.0
1.0
1.0
1.0
0.665
1.0
1.0
1.0
1.0
1.0
1.0
1.0
1.0
0.2
0.5
1.0
1.0
1.0
1.0
0.5
1.0
1.0
0.4
1.0
1.0
0.5
1.0
1.0
1.0
1.0
0.2
1.0
1.0
1.0
1.0
0.4
1.0
1.0
1.0
1.0
1.0
1.0
1.0
1.0
1.0
1.0
0.665
1.0
0.5833333333333334
1.0
1.0
0.5
1.0
1.0
0.5
1.0
0.5
1.0
1.0
1.0
1.0
1.0
1.0
1.0
1.0
1.0
1.0
1.0
1.0
1.0
1.0
1.0
0.2
1.0
0.2
1.0
1.0
1.0
1.0
1.0
1.0
0.2
1.0
1.0
1.0
1.0
1.0
1.0
1.0
1.0
0.2
1.0
1.0
1.0
0.5
1.0
1.0
1.0
1.0
1.0
1.0
0.5
1.0
1.0
0.67
1.0
1.0
1.0
1.0
0.8325
1.0
1.0
1.0
0.5
1.0
1.0
1.0
0.2
1.0
1.0
0.665
0.5
1.0
1.0
0.5
1.0
1.0
0.2
1.0
1.0
0.2
1.0
1.0
0.5
1.0
1.0
0.5
1.0
1.0
1.0
1.0
0.625
1.0
1.0
0.665
0.2
1.0
1.0
0.67
1.0
1.0
0.75
1.0
1.0
0.5
1.0
1.0
1.0
0.2
1.0
1.0
0.5
1.0
1.0
0.665
1.0
1.0
1.0
1.0
1.0
1.0
1.0
1.0
1.0
0.5
1.0
1.0
1.0
1.0
0.625
1.0
0.665
1.0
1.0
1.0
0.2
1.0
1.0
1.0
1.0
0.67
1.0
0.4
1.0
1.0
1.0
1.0
0.5
1.0
1.0
0.665
1.0
1.0
1.0
0.5
1.0
1.0
0.67
1.0
1.0
1.0
0.5
1.0
1.0
0.5
1.0
1.0
0.2
1.0
1.0
1.0
1.0
0.2
1.0
1.0
1.0
1.0
1.0
1.0
1.0
0.665
0.4
1.0
1.0
0.665
1.0
1.0
1.0
0.5
1.0
1.0
0.665
0.665
1.0
1.0
1.0
1.0
1.0
1.0
1.0
1.0
1.0
0.2
1.0
1.0
1.0
0.665
1.0
1.0
1.0
0.2
1.0
1.0
0.665
1.0
0.67
1.0
1.0
0.5
1.0
0.5
1.0
0.4
1.0
1.0
1.0
1.0
1.0
1.0
0.75
0.5
1.0
1.0
1.0
1.0
0.4
1.0
1.0
1.0
0.2
1.0
1.0
0.665
1.0
0.6875
1.0
1.0
0.5
1.0
1.0
1.0
1.0
1.0
1.0
1.0
1.0
0.5
1.0
1.0
0.2
1.0
1.0
1.0
1.0
1.0
1.0
0.665
1.0
1.0
1.0
1.0
1.0
1.0
0.75
0.4
1.0
1.0
1.0
1.0
0.2
1.0
1.0
1.0
1.0
1.0
1.0
1.0
1.0
1.0
0.665
1.0
1.0
0.5
1.0
1.0
0.5
1.0
1.0
0.665
1.0
0.2
1.0
1.0
1.0
1.0
1.0
1.0
1.0
1.0
1.0
1.0
1.0
1.0
1.0
1.0
1.0
1.0
1.0
0.665
1.0
1.0
1.0
1.0
1.0
0.2
1.0
1.0
1.0
1.0
1.0
0.2
1.0
1.0
0.33
0.5
0.8333333333333334
1.0
1.0
0.5
0.6
0.665
0.665
1.0
1.0
0.85
1.0
0.33
0.41500000000000004
0.75
1.0
1.0
1.0
1.0
0.265
1.0
0.5
1.0
1.0
1.0
0.41500000000000004
1.0
1.0
1.0
1.0
1.0
1.0
0.5533333333333333
1.0
0.9900943396226417
0.9968421052631579
0.9747368421052632
1.0
1.0
0.9979757085020243
1.0
1.0
0.9883720930232558
0.9528865979381445
0.9852336448598131
0.9556880733944954
0.9888372093023254
0.9636585365853658
0.9784293193717277
0.9816666666666666
1.0
0.95
0.98
1.0
1.0
1.0
1.0
1.0
1.0
1.0
1.0
1.0
0.665
0.365
0.5
1.0
1.0
1.0
1.0
0.7766666666666667
0.5
0.33
1.0
1.0
0.75
1.0
1.0
1.0
1.0
1.0
1.0
0.405
0.665
0.9
1.0
1.0
0.5533333333333333
0.665
1.0
1.0
0.7766666666666667
1.0
0.33
1.0
0.665
0.8325
1.0
1.0
0.75
1.0
1.0
1.0
1.0
0.5
1.0
1.0
0.74
0.665
1.0
1.0
1.0
0.665
1.0
1.0
1.0
0.3725
1.0
1.0
0.8333333333333334
0.75
1.0
1.0
1.0
1.0
1.0
1.0
1.0
1.0
0.665
1.0
1.0
1.0
1.0
0.6
1.0
1.0
1.0
1.0
1.0
0.2
0.33
0.625
1.0
1.0
1.0
1.0
1.0
1.0
1.0
1.0
1.0
1.0
1.0
1.0
1.0
1.0
1.0
1.0
1.0
0.5
0.5
0.5075000000000001
0.5
0.33
0.4
0.5
1.0
0.5
1.0
1.0
1.0
1.0
1.0
1.0
1.0
1.0
1.0
0.6
1.0
1.0
1.0
0.75
1.0
0.7766666666666667
1.0
0.2
1.0
1.0
1.0
1.0
0.4
1.0
0.665
0.41500000000000004
1.0
1.0
1.0
1.0
0.875
1.0
0.665
0.766
1.0
1.0
0.5
1.0
1.0
0.665
1.0
1.0
0.665
1.0
1.0
1.0
1.0
1.0
0.67
1.0
1.0
0.67
1.0
1.0
0.4
0.5
1.0
1.0
1.0
1.0
0.5
0.75
1.0
1.0
1.0
0.5
1.0
1.0
1.0
0.3866666666666667
1.0
1.0
1.0
0.5
0.2
0.7766666666666667
1.0
1.0
1.0
1.0
1.0
1.0
1.0
0.5
0.5
0.5
1.0
0.665
1.0
1.0
1.0
1.0
1.0
1.0
1.0
1.0
1.0
1.0
1.0
1.0
1.0
0.265
1.0
1.0
1.0
0.4
1.0
0.665
1.0
1.0
1.0
1.0
1.0
1.0
1.0
1.0
0.7766666666666667
1.0
0.665
1.0
0.5
0.4
1.0
1.0
1.0
0.665
0.51
1.0
1.0
1.0
0.75
1.0
1.0
1.0
1.0
1.0
1.0
0.5
0.5
1.0
1.0
1.0
0.625
1.0
0.5
1.0
1.0
1.0
1.0
1.0
1.0
1.0
1.0
1.0
1.0
0.8325
0.5
1.0
1.0
1.0
0.5
1.0
1.0
0.665
1.0
1.0
1.0
0.7766666666666667
0.5
0.5
1.0
1.0
0.5
1.0
1.0
1.0
0.4
0.67
1.0
1.0
1.0
1.0
1.0
1.0
1.0
1.0
1.0
1.0
1.0
1.0
1.0
1.0
1.0
1.0
1.0
1.0
1.0
0.5
1.0
1.0
1.0
1.0
1.0
1.0
1.0
1.0
1.0
0.2
1.0
1.0
1.0
0.4
1.0
1.0
1.0
1.0
0.4
1.0
1.0
1.0
1.0
1.0
1.0
1.0
1.0
1.0
0.5
1.0
1.0
1.0
1.0
0.665
1.0
1.0
0.665
1.0
1.0
0.665
1.0
1.0
1.0
1.0
1.0
1.0
0.5
1.0
1.0
1.0
0.4
1.0
1.0
1.0
1.0
1.0
1.0
1.0
1.0
1.0
1.0
1.0
0.7766666666666667
1.0
1.0
0.75
0.75
1.0
0.665
1.0
0.665
1.0
0.5
1.0
1.0
0.8125
1.0
1.0
1.0
1.0
1.0
1.0
1.0
1.0
1.0
1.0
1.0
0.625
1.0
0.5
1.0
1.0
1.0
1.0
0.5
1.0
1.0
1.0
1.0
1.0
0.5
1.0
1.0
1.0
1.0
1.0
1.0
1.0
1.0
1.0
1.0
0.5
1.0
1.0
1.0
1.0
0.5
1.0
1.0
0.2
1.0
0.4
1.0
1.0
1.0
1.0
1.0
1.0
1.0
1.0
1.0
1.0
1.0
1.0
0.2
1.0
1.0
1.0
1.0
1.0
1.0
1.0
1.0
1.0
1.0
1.0
1.0
1.0
0.625
1.0
1.0
0.75
1.0
1.0
1.0
1.0
0.41500000000000004
1.0
1.0
0.5
1.0
1.0
0.5
1.0
1.0
1.0
1.0
0.2
1.0
1.0
0.33
1.0
1.0
1.0
1.0
1.0
1.0
1.0
0.665
0.2
1.0
1.0
1.0
1.0
1.0
1.0
1.0
0.6666666666666666
0.75
0.9
0.4
0.5
1.0
1.0
0.5
1.0
1.0
0.4
1.0
1.0
1.0
0.6
1.0
1.0
0.4
1.0
1.0
1.0
0.5
0.5
1.0
1.0
1.0
1.0
1.0
1.0
0.7766666666666667
0.4
1.0
1.0
1.0
1.0
1.0
1.0
0.665
1.0
0.4
1.0
1.0
0.4
1.0
1.0
0.5
1.0
1.0
1.0
1.0
1.0
0.665
1.0
0.665
1.0
0.5
1.0
1.0
1.0
0.5
1.0
1.0
1.0
1.0
1.0
1.0
1.0
1.0
1.0
1.0
0.665
1.0
0.75
1.0
1.0
1.0
1.0
1.0
0.67
1.0
1.0
1.0
1.0
1.0
1.0
0.4
1.0
1.0
1.0
0.2
1.0
0.665
1.0
0.625
1.0
0.2
1.0
1.0
1.0
1.0
1.0
1.0
1.0
0.665
1.0
1.0
1.0
1.0
0.5
1.0
1.0
1.0
1.0
1.0
0.5
1.0
1.0
1.0
1.0
0.5
1.0
1.0
0.75
1.0
1.0
1.0
1.0
1.0
1.0
0.665
1.0
1.0
0.5
1.0
0.2
1.0
1.0
1.0
1.0
1.0
1.0
1.0
1.0
1.0
1.0
1.0
1.0
0.2
1.0
1.0
0.665
1.0
1.0
1.0
1.0
0.5
1.0
0.665
0.2
1.0
1.0
0.665
1.0
1.0
1.0
1.0
1.0
1.0
1.0
1.0
0.5
1.0
1.0
1.0
1.0
0.5
1.0
1.0
1.0
1.0
0.33
1.0
0.4
1.0
0.4
1.0
1.0
0.2
1.0
1.0
1.0
1.0
1.0
1.0
1.0
0.6428571428571429
1.0
0.665
1.0
0.665
1.0
0.835
0.5
1.0
0.5
0.75
0.7233333333333333
0.665
1.0
1.0
0.75
1.0
0.5
1.0
1.0
1.0
1.0
1.0
1.0
1.0
0.5666666666666667
0.5
1.0
1.0
1.0
1.0
1.0
0.632
0.2
0.2
0.5
0.41500000000000004
1.0
1.0
1.0
0.9659537572254336
1.0
0.9988662131519275
1.0
0.8863414634146343
1.0
1.0
0.17934883720930261
0.07259999999999993
0.04291999999999995
0.04459999999999996
0.07279999999999995
0.08255999999999991
0.0572
0.0455
0.048939999999999984
0.07992000000000005
0.08434000000000001
0.04913999999999991
0.04975999999999993
0.06624
0.08524000000000011
0.05473999999999996
0.04507999999999997
0.051679999999999976
0.08357999999999999
0.08694000000000003
0.05895999999999994
0.05483999999999992
0.08882000000000012
0.09764000000000017
0.08454000000000002
0.07430000000000009
0.041839999999999995
0.042359999999999925
0.04443999999999998
0.0789599999999999
0.05524000000000002
0.03887999999999993
0.05671999999999998
0.08222000000000006
0.05943999999999999
0.03859999999999999
0.05837999999999999
0.07928000000000002
0.05734000000000003
0.04527999999999992
0.04951999999999995
0.6553723404255318
1.0
1.0
0.9737125748502993
0.9631764705882355
0.9586516853932584
0.94992
0.94136
0.9721400778210115
1.0
0.5075000000000001
0.2
1.0
1.0
0.665
1.0
1.0
0.33
0.7766666666666667
1.0
1.0
0.2
0.335
0.33
0.41500000000000004
0.6
0.41500000000000004
0.5
1.0
1.0
0.67
1.0
1.0
1.0
1.0
0.30000000000000004
0.6
1.0
0.33
1.0
1.0
1.0
0.6
1.0
1.0
0.41500000000000004
1.0
1.0
0.33
0.375
0.5
1.0
1.0
1.0
1.0
1.0
1.0
0.33
0.866
1.0
0.7333333333333334
0.766
0.5
1.0
0.5
1.0
1.0
0.14
1.0
0.9744444444444444
1.0
0.5
0.31666666666666665
0.7075
1.0
1.0
1.0
0.4
0.33
1.0
1.0
1.0
0.14
1.0
0.665
1.0
1.0
1.0
0.41500000000000004
1.0
1.0
1.0
1.0
0.4666666666666666
1.0
1.0
0.5466666666666666
1.0
1.0
0.665
1.0
1.0
1.0
0.6
1.0
1.0
0.33
0.5
1.0
0.6
1.0
0.61
1.0
1.0
1.0
1.0
0.5
1.0
0.5
0.665
1.0
0.2
1.0
1.0
1.0
0.625
0.75
1.0
1.0
1.0
0.4
1.0
1.0
0.5666666666666667
0.7060000000000001
1.0
0.5
1.0
1.0
0.6
1.0
0.35
0.5
1.0
0.5
1.0
1.0
1.0
1.0
1.0
0.33
1.0
1.0
1.0
1.0
1.0
0.2
1.0
0.2
0.665
1.0
0.6
1.0
0.7766666666666667
0.33
1.0
1.0
1.0
0.5
0.5
0.665
1.0
0.5
1.0
0.5
1.0
1.0
0.665
1.0
0.7333333333333334
1.0
0.665
1.0
0.49
1.0
0.67
1.0
1.0
1.0
1.0
0.2
1.0
1.0
0.5
1.0
1.0
1.0
1.0
1.0
1.0
1.0
0.75
1.0
1.0
0.665
0.7766666666666667
1.0
1.0
0.5
1.0
1.0
0.5
1.0
1.0
1.0
0.625
1.0
0.5
1.0
1.0
1.0
1.0
1.0
0.665
0.33
1.0
1.0
1.0
1.0
1.0
1.0
1.0
0.5
1.0
1.0
1.0
0.665
1.0
0.7766666666666667
1.0
0.6
1.0
0.6
1.0
1.0
0.5
1.0
1.0
1.0
1.0
0.625
1.0
0.665
1.0
1.0
1.0
1.0
1.0
1.0
0.5666666666666667
1.0
1.0
1.0
1.0
0.4
0.61
1.0
1.0
1.0
0.665
1.0
1.0
1.0
0.7766666666666667
1.0
1.0
1.0
1.0
1.0
0.2
1.0
1.0
1.0
1.0
1.0
1.0
1.0
1.0
1.0
1.0
0.5
1.0
1.0
0.665
1.0
1.0
1.0
1.0
1.0
1.0
0.2
0.43500000000000005
1.0
1.0
1.0
1.0
0.2
1.0
1.0
0.5
1.0
1.0
1.0
1.0
1.0
1.0
1.0
1.0
1.0
1.0
1.0
1.0
0.5266666666666667
1.0
0.5
1.0
1.0
1.0
1.0
1.0
1.0
0.6
1.0
0.665
1.0
1.0
1.0
1.0
1.0
0.33
1.0
1.0
0.33
1.0
1.0
1.0
0.5
1.0
1.0
0.25
1.0
1.0
1.0
1.0
1.0
1.0
1.0
0.665
0.4
1.0
0.67
1.0
1.0
1.0
1.0
1.0
0.2
1.0
1.0
0.2
1.0
1.0
1.0
1.0
0.665
0.2
1.0
1.0
1.0
1.0
1.0
1.0
1.0
1.0
0.75
0.5
1.0
1.0
0.665
1.0
1.0
1.0
0.665
1.0
1.0
1.0
1.0
1.0
0.5
1.0
1.0
1.0
0.5
1.0
0.5
1.0
0.665
1.0
1.0
1.0
0.6
1.0
0.7766666666666667
1.0
0.8333333333333334
0.2
1.0
1.0
0.67
1.0
0.33
1.0
1.0
0.6
1.0
0.665
0.625
1.0
1.0
1.0
1.0
1.0
1.0
1.0
1.0
0.6
1.0
1.0
1.0
1.0
1.0
1.0
0.665
1.0
1.0
0.2
1.0
1.0
0.2
1.0
0.2
0.665
1.0
1.0
0.67
1.0
1.0
0.665
0.33
1.0
1.0
0.6
1.0
0.6
1.0
0.5
1.0
0.5
1.0
1.0
1.0
1.0
0.665
1.0
1.0
0.2
1.0
1.0
1.0
1.0
1.0
1.0
1.0
0.665
0.4
1.0
1.0
1.0
1.0
0.5
1.0
1.0
1.0
1.0
1.0
1.0
0.665
1.0
1.0
1.0
1.0
1.0
1.0
1.0
0.665
0.4
1.0
1.0
1.0
1.0
0.6
1.0
1.0
1.0
1.0
0.5
1.0
1.0
1.0
1.0
0.5
1.0
1.0
1.0
1.0
0.5
1.0
0.4
1.0
1.0
1.0
0.33
1.0
1.0
1.0
1.0
1.0
0.6
1.0
1.0
1.0
1.0
1.0
0.665
0.5
1.0
1.0
1.0
1.0
1.0
1.0
0.5
1.0
1.0
1.0
1.0
1.0
0.75
0.33
1.0
1.0
1.0
1.0
1.0
1.0
0.6
1.0
1.0
1.0
0.6
1.0
1.0
1.0
1.0
1.0
0.6
1.0
1.0
1.0
0.5
1.0
1.0
1.0
1.0
1.0
1.0
1.0
1.0
1.0
1.0
1.0
0.665
1.0
1.0
1.0
1.0
0.67
1.0
0.33
1.0
1.0
1.0
1.0
1.0
1.0
0.33
1.0
1.0
0.6875
1.0
1.0
1.0
0.665
0.5
1.0
1.0
1.0
1.0
1.0
1.0
0.67
1.0
0.33
1.0
1.0
1.0
1.0
1.0
0.5
1.0
0.2
1.0
1.0
1.0
1.0
0.665
0.5
1.0
1.0
1.0
1.0
0.665
0.625
1.0
1.0
1.0
1.0
1.0
0.67
1.0
0.33
1.0
1.0
1.0
0.67
1.0
1.0
1.0
1.0
1.0
1.0
1.0
0.6
1.0
1.0
1.0
1.0
0.5
1.0
0.2
1.0
1.0
1.0
1.0
1.0
1.0
0.665
0.33
1.0
1.0
1.0
1.0
1.0
0.5
1.0
0.2
1.0
1.0
1.0
1.0
0.665
0.625
1.0
1.0
1.0
0.665
0.5
1.0
1.0
1.0
1.0
1.0
0.665
0.33
1.0
1.0
1.0
1.0
1.0
0.5
1.0
0.2
1.0
1.0
1.0
1.0
1.0
1.0
0.665
0.33
1.0
1.0
1.0
1.0
1.0
1.0
0.5
1.0
0.2
1.0
1.0
1.0
1.0
1.0
1.0
0.665
0.33
1.0
1.0
1.0
1.0
0.75
0.6
1.0
1.0
1.0
1.0
1.0
0.665
0.2
1.0
1.0
1.0
1.0
1.0
1.0
0.665
0.33
1.0
1.0
1.0
1.0
1.0
0.5
1.0
0.4
1.0
1.0
1.0
1.0
1.0
0.6
1.0
1.0
1.0
1.0
1.0
0.665
0.5
1.0
1.0
1.0
0.5555555555555556
0.2
0.6716666666666667
0.665
1.0
0.4
0.33
0.5
1.0
1.0
1.0
1.0
0.33
1.0
0.6
0.5466666666666667
1.0
0.3433333333333333
1.0
1.0
0.2
0.5
0.5
0.33
0.24333333333333332
1.0
0.41500000000000004
0.75
0.5266666666666667
1.0
1.0
0.625
0.5
1.0
1.0
1.0
0.5
1.0
1.0
0.265
0.75
0.265
0.6
1.0
1.0
0.665
0.9908219178082192
0.996875
1.0
1.0
1.0
1.0
0.9930232558139535
0.9945454545454545
0.9974874371859297
0.9981746031746032
1.0
0.34
0.08119999999999994
0.16339999999999993
1.0
1.0
1.0
0.9910714285714286
1.0
0.9700000000000001
0.9961240310077519
1.0
1.0
1.0
1.0
1.0
1.0
1.0
1.0
1.0
0.9763730569948188
0.9636413043478261
0.9565384615384614
0.9873417721518988
0.49750000000000005
1.0
0.33
1.0
0.5
1.0
0.33
0.75
0.6233333333333334
0.5
0.33
1.0
0.4
0.33
0.8
0.33
0.6216666666666667
0.51
0.665
0.6
0.33
0.6325000000000001
1.0
0.665
1.0
0.61
1.0
0.5
0.33
1.0
1.0
0.7075
1.0
1.0
0.6145454545454546
1.0
1.0
1.0
1.0
1.0
1.0
0.7333333333333334
1.0
1.0
0.7075
0.85375
1.0
1.0
1.0
0.9507843137254902
1.0
1.0
1.0
1.0
1.0
1.0
