0.9715165876777252
0.9937151702786376
0.692857142857143
0.8274429223744294
0.9961368653421634
1.0
1.0
1.0
1.0
1.0
0.9674942528735633
0.9734126984126985
0.8729122807017544
0.8656852791878172
1.0
1.0
1.0
1.0
1.0
0.9429614604462476
0.9646721311475412
0.8599425287356307
0.9737148594377509
1.0
1.0
1.0
1.0
1.0
1.0
0.9473529411764713
0.683272058823529
0.9964203233256351
1.0
1.0
1.0
1.0
1.0
1.0
0.9495000000000006
0.9998465473145781
0.8507964601769905
0.7337299035369773
0.9827708333333334
1.0
1.0
1.0
1.0
0.9630399999999996
0.989388753056235
0.7424916943521594
0.83919881305638
1.0
1.0
1.0
1.0
1.0
0.9580204081632653
0.7908813559322035
0.6335570469798663
0.8282142857142858
0.8605150214592279
0.6269503546099289
1.0
1.0
1.0
1.0
0.998
0.9052339181286551
1.0
0.9433474576271187
0.3208571428571428
0.5
0.3583333333333332
0.16274999999999995
0.18657142857142853
0.1556521739130435
0.23500000000000001
0.14
0.3074626865671641
0.9557369614512474
0.6975
0.8774999999999998
0.5840000000000001
0.57
0.546
0.9406790123456791
0.7319064748201436
1.0
1.0
1.0
1.0
1.0
1.0
0.998
0.9599799196787153
0.8677551020408169
0.512439024390244
0.4
0.5616541353383461
0.8533009708737863
0.6439565217391302
1.0
1.0
1.0
1.0
1.0
0.9338284518828454
0.991551724137931
0.728305084745762
0.9627272727272728
0.58412213740458
0.7697321428571435
0.8821428571428572
0.8802941176470582
0.9189999999999999
0.9165367965367963
0.6877431906614782
0.928265306122449
1.0
1.0
1.0
1.0
1.0
1.0
0.7014054054054052
0.36899999999999994
0.6274576271186442
1.0
0.9978768577494692
0.9216455696202525
0.9823333333333334
0.7337442922374429
0.6856983240223464
0.9041338582677171
0.7827500000000003
0.5383870967741936
0.59
0.49500000000000016
0.5053719008264465
0.8182142857142854
1.0
0.5960655737704921
0.8160069444444444
0.9049068322981366
0.5884444444444443
0.1809696969696971
0.19799999999999998
0.955754189944134
1.0
1.0
1.0
1.0
1.0
1.0
1.0
1.0
1.0
1.0
1.0
1.0
1.0
1.0
0.8764527027027029
0.5421428571428574
0.9749370277078085
1.0
0.9848091603053435
0.9525806451612903
0.9093258426966291
0.8047826086956524
0.99894
0.8830555555555555
0.5987704918032791
0.4732478632478634
0.8750000000000001
0.8403986710963458
0.09274725274725275
0.040599999999999976
0.040399999999999964
0.04083999999999994
0.041719999999999965
0.04047999999999993
0.041179999999999974
0.040839999999999974
0.04137999999999993
0.04125999999999998
0.041379999999999945
0.03915999999999993
0.03969999999999996
0.042259999999999937
0.04025999999999998
0.040559999999999936
0.04079999999999996
0.042419999999999965
0.041619999999999935
0.03979999999999991
0.041239999999999985
0.04015999999999994
0.039819999999999946
0.040879999999999965
0.03993999999999992
0.04157999999999991
0.041039999999999945
0.04005999999999997
0.037979999999999896
0.03633999999999991
0.04215999999999998
0.03921999999999991
0.03975999999999991
0.03757999999999996
0.04149999999999999
0.04197999999999993
0.04161999999999992
0.034559999999999876
0.04001999999999986
0.03961999999999995
0.041779999999999935
0.04346666666666666
0.13999999999999999
0.4369444444444444
0.5113483146067417
0.49640000000000006
0.6328169014084507
0.9475675675675674
0.8830519480519475
0.6788172043010753
0.5245535714285713
0.9365770171149143
0.8962465753424653
0.999632034632035
0.8983146067415733
0.37470588235294117
0.6721739130434783
0.6814754098360656
0.9871428571428567
0.9549107142857114
0.9755555555555555
0.9389690721649473
0.57
0.71
0.4800000000000002
0.9610967741935483
0.9211428571428572
0.9706169665809768
0.7510000000000001
0.23
0.421
0.5753921568627453
0.7112234042553192
0.8591525423728812
0.5483333333333333
0.6687356321839085
0.9509803921568627
1.0
1.0
1.0
1.0
1.0
1.0
1.0
0.9209871244635192
0.9077777777777776
0.4973015873015872
0.425
0.5268518518518519
0.5842372881355933
0.648305084745763
0.8908148148148143
0.07912087912087912
0.77141592920354
0.6676425855513306
1.0
1.0
1.0
1.0
1.0
1.0
0.9077777777777777
1.0
0.5203076923076925
0.75
0.74
0.6133333333333333
0.42000000000000004
0.305
0.23
0.5725714285714286
0.26317365269461085
0.7013669064748199
0.7818295218295219
0.5242259414225944
0.961604938271605
1.0
1.0
1.0
1.0
1.0
1.0
0.9060810810810815
0.9324324324324327
0.8661194029850758
0.7894117647058825
0.6015294117647059
0.4555769230769229
0.7348684210526313
0.868085106382979
0.9481176470588236
0.07235955056179776
0.23442000000000002
1.0
1.0
1.0
1.0
1.0
1.0
1.0
1.0
1.0
1.0
1.0
1.0
1.0
1.0
1.0
1.0
1.0
1.0
1.0
1.0
1.0
1.0
0.9977799999999999
0.7712903225806452
0.8909744779582364
0.5733812949640289
1.0
1.0
1.0
1.0
1.0
0.9981555555555556
1.0
1.0
0.8735172413793103
0.9107812500000011
0.9189705882352924
0.934767441860464
0.28950757575757574
0.04035999999999993
0.038859999999999936
0.04099999999999998
0.04119999999999997
0.04033999999999992
0.04145999999999993
0.04253999999999998
0.04189999999999999
0.039299999999999995
0.04067999999999999
0.039939999999999976
0.03671999999999993
0.04031999999999993
0.042299999999999914
0.04201999999999999
0.041419999999999964
0.04107999999999996
0.040500000000000015
0.042139999999999955
0.03765999999999997
0.03885999999999996
0.04093999999999995
0.04215999999999998
0.04213999999999997
0.04139999999999989
0.0660599999999998
0.045759999999999704
0.04621999999999993
0.045259999999999946
0.0424799999999999
0.04183999999999999
0.04102000000000002
0.042659999999999934
0.047379999999999985
0.04252000000000006
0.042519999999999926
0.04212000000000007
0.040679999999999945
0.04193999999999986
0.03967999999999999
0.039973474801060956
0.05399999999999999
0.1
0.07
0.10750000000000001
0.97148
1.0
1.0
1.0
1.0
1.0
1.0
1.0
1.0
1.0
1.0
1.0
1.0
1.0
1.0
0.8588188976377952
0.4064
0.6854945054945056
0.9242647058823531
0.8728947368421052
0.87
0.9535294117647054
0.9411111111111107
0.5974558303886925
0.9219502074688797
1.0
1.0
1.0
1.0
1.0
1.0
1.0
0.914377358490566
1.0
1.0
0.7372857142857143
1.0
1.0
0.3393396226415096
0.21000000000000005
0.2
0.3083333333333333
0.24999999999999994
0.0
0.01
0.01
0.02
0.02
0.02
0.03
0.03
0.04
0.04
0.04
0.05
0.05
0.05
0.06
0.06
0.07
0.07
0.07
0.08
0.08
0.09
0.09
0.09
0.1
0.1
0.20199999999999993
0.425625
0.55
0.56
0.56
0.56
0.09383783783783776
0.09826633165829142
0.5985436893203883
0.8517021276595745
0.7085714285714285
0.7146902654867252
0.5393401015228425
0.26
0.26
0.4476271186440678
0.0
0.3338095238095238
0.8085714285714286
1.0
1.0
1.0
1.0
1.0
1.0
1.0
1.0
1.0
1.0
0.8781818181818182
1.0
1.0
1.0
1.0
1.0
1.0
1.0
1.0
1.0
0.9125
1.0
1.0
0.14
0.895
0.9789999999999999
1.0
1.0
1.0
1.0
1.0
1.0
1.0
1.0
1.0
1.0
1.0
1.0
1.0
1.0
0.7133333333333334
0.908235294117647
1.0
1.0
1.0
1.0
1.0
1.0
1.0
1.0
0.8243290043290041
0.6300000000000001
0.506
0.31
0.5946122448979587
0.834525547445255
0.7730107526881721
0.8988918205804745
0.4713793103448274
1.0
0.7791666666666667
0.4846666666666667
0.314
0.36522167487684737
0.08333333333333333
0.0022222222222222222
0.01
0.01
0.01
0.01
0.01
0.01
0.01
0.01
0.0003448275862068966
0.01
0.01
0.01
0.01
0.01
0.0005263157894736842
0.01
0.01
0.01
0.01
0.01
0.01
0.01
0.01
0.01
0.01
0.01
0.01
0.01
0.01
0.01
0.01
0.01
0.01
0.0
0.0007692307692307692
0.01
0.01
0.01
0.01
0.01
0.01
0.01
0.01
0.01
0.01
0.01
0.01
0.01
0.01
0.01
0.01
0.01
0.00025
0.005
0.01
0.01
0.01
0.01
0.01
0.01
0.01
0.01
0.01
0.01
0.01
0.01
0.01
0.01
0.01
0.01
0.0025
0.00024390243902439024
0.0
0.0004
0.005
0.01
0.01
0.01
0.01
0.01
0.01
0.5368749999999999
0.6648958333333332
0.9691792656587541
0.9608988764045004
0.9343125000000017
0.6928571428571428
0.8627027027027026
0.06
0.07
0.04
0.025
0.01
0.01
0.08
0.012
0.015
0.01
0.0
0.07
0.0
0.01
0.01
0.01
0.01
0.01
0.03
0.01
0.01
0.0
0.01
0.0
0.0
0.01
0.0
0.01
0.01
0.01
0.01
0.01
0.01
0.0033333333333333335
0.01
0.0
0.01
0.01
0.01
0.0
0.02
0.005
0.006666666666666667
0.02666666666666667
0.01
0.0
0.01
0.01
0.01
0.026000000000000002
0.01
0.049999999999999996
0.01
0.02
0.0
0.01
0.0
0.01
0.01
0.0
0.0
0.01
0.01
0.06
0.01
0.01
0.0
0.01
0.01
0.01
0.01
0.0
0.01
0.01
0.03333333333333333
0.0425
0.01
0.01
0.01
0.0
0.0
0.0
0.01
0.0
0.01
0.0
0.0
0.0
0.0
0.01
0.0
0.034999999999999996
0.05000000000000001
0.0
0.0
0.01
0.01
0.0
0.0
0.015000000000000001
0.01
0.01
0.0
0.01
0.0
0.01
0.0
0.01
0.01
0.0
0.01
0.01
0.0
0.01
0.01
0.01
0.02
0.005
0.005
0.01
0.01
0.0
0.01
0.0
0.0
0.01
0.01
0.01
0.01
0.0
0.0
0.01
0.005
0.01
0.01
0.0
0.01
0.005
0.0
0.0
0.01
0.0
0.005
0.0
0.01
0.0
0.0
0.0
0.01
0.0
0.0
0.0
0.01
0.01
0.01
0.01
0.01
0.0
0.0
0.0
0.0
0.0
0.01
0.0
0.0
0.005
0.0
0.015
0.01
0.065
0.005
0.01
0.0
0.0
0.0
0.0
0.0
0.01
0.01
0.0
0.0
0.0
0.0
0.0
0.0
0.0
0.0
0.0
0.0
0.01
0.01
0.0
0.0
0.01
0.01
0.01
0.01
0.01
0.01
0.01
0.01
0.01
0.0
0.01
0.01
0.01
0.01
0.01
0.01
0.01
0.01
0.01
0.01
0.01
0.01
0.01
0.01
0.01
0.0
0.01
0.0
0.0
0.01
0.0
0.01
0.01
0.01
0.01
0.0
0.0
0.0
0.01
0.01
0.0
0.0
0.01
0.0
0.01
0.01
0.0
0.0
0.0
0.0
0.0
0.0
0.01
0.01
0.0
0.0
0.01
0.0
0.0
0.0
0.0
0.0
0.01
0.01
0.0
0.0
0.0
0.01
0.01
0.0
0.0
0.01
0.0
0.0
0.0
0.0
0.0
0.0
0.0
0.0
0.0
0.005
0.0
0.01
0.0
0.0
0.0
0.0
0.0
0.01
0.01
0.0
0.0
0.0
0.0
0.0
0.0
0.0
0.0
0.0
0.0
0.0
0.0
0.0
0.0
0.0
0.0
0.0
0.0
0.0
0.0
0.0
0.0
0.0
0.0
0.01
0.0
0.0
0.0
0.0
0.0
0.0
0.01
0.0
0.0
0.0
0.0
0.0
0.0
0.0
0.0
0.0
0.0
0.01
0.0
0.0
0.0
0.0
0.0
0.0
0.0
0.0
0.0
0.0
0.0
0.0
0.0
0.0
0.0
0.0
0.0
0.0
0.0
0.0
0.0
0.0
0.0
0.005
0.0
0.01
0.0
0.0
0.0
0.0
0.0
0.0
0.0
0.0
0.0
0.0
0.0
0.01
0.01
0.0
0.0
0.0
0.0
0.0
0.0
0.0
0.0
0.0
0.01
0.0
0.005
0.01
0.01
0.01
0.0
0.0
0.0
0.0033333333333333335
0.0
0.0
0.0
0.005
0.01
0.0
0.0
0.0
0.0
0.0
0.0
0.01
0.0
0.0
0.0
0.0
0.0
0.0
0.0
0.01
0.0
0.01
0.0
0.01
0.01
0.0
0.0
0.0
0.01
0.0
0.0
0.0
0.0
0.0
0.0
0.0
0.0
0.0
0.01
0.0
0.0
0.0
0.0
0.0
0.0
0.0
0.01
0.0
0.0
0.01
0.0
0.0
0.0
0.0
0.0
0.005
0.01
0.0
0.0
0.0
0.01
0.0
0.0
0.0
0.01
0.01
0.01
0.0
0.01
0.0
0.0
0.01
0.0
0.0
0.0
0.005
0.04
0.015
0.01
0.01
0.0
0.0
0.005
0.03
0.03666666666666667
0.02
0.01
0.0
0.01
0.01
0.005
0.006666666666666667
0.01
0.02
0.01
0.6331441048034937
1.0
0.7491914893617017
0.40375
0.8427472527472529
0.41500000000000004
0.48666666666666664
0.4504878048780487
0.6024019607843142
0.9297391304347834
0.8276470588235292
0.02
0.22999999999999993
0.01
0.088
0.01
0.0
0.01
0.015
0.11
0.09999999999999999
0.05000000000000001
0.005
0.005
0.006
0.07
0.6755212355212356
0.7142443729903537
0.43533333333333357
0.1380777537796977
1.0
1.0
1.0
1.0
1.0
1.0
1.0
1.0
1.0
1.0
1.0
1.0
1.0
1.0
1.0
1.0
1.0
1.0
1.0
1.0
1.0
1.0
1.0
1.0
1.0
1.0
1.0
1.0
1.0
1.0
1.0
1.0
1.0
1.0
1.0
1.0
1.0
1.0
1.0
1.0
1.0
1.0
1.0
1.0
1.0
1.0
1.0
1.0
1.0
1.0
1.0
1.0
1.0
1.0
1.0
1.0
1.0
1.0
1.0
1.0
1.0
1.0
1.0
1.0
1.0
1.0
1.0
1.0
1.0
1.0
1.0
1.0
1.0
1.0
1.0
1.0
1.0
1.0
1.0
1.0
1.0
1.0
1.0
1.0
1.0
1.0
1.0
1.0
1.0
1.0
1.0
1.0
1.0
1.0
1.0
1.0
1.0
1.0
1.0
1.0
1.0
1.0
1.0
1.0
1.0
1.0
1.0
1.0
1.0
1.0
1.0
1.0
1.0
1.0
1.0
1.0
1.0
1.0
1.0
1.0
1.0
1.0
1.0
1.0
1.0
1.0
1.0
1.0
1.0
1.0
1.0
1.0
1.0
1.0
1.0
1.0
1.0
1.0
1.0
1.0
1.0
1.0
1.0
1.0
1.0
1.0
1.0
1.0
1.0
1.0
1.0
1.0
1.0
1.0
1.0
1.0
1.0
1.0
1.0
1.0
1.0
1.0
1.0
1.0
1.0
1.0
1.0
1.0
1.0
1.0
1.0
1.0
1.0
1.0
1.0
1.0
1.0
1.0
1.0
1.0
1.0
1.0
1.0
1.0
1.0
1.0
1.0
1.0
1.0
1.0
1.0
1.0
1.0
1.0
1.0
1.0
1.0
1.0
1.0
1.0
1.0
1.0
1.0
1.0
1.0
1.0
1.0
1.0
1.0
1.0
1.0
1.0
1.0
1.0
1.0
1.0
1.0
1.0
1.0
1.0
1.0
1.0
1.0
1.0
1.0
1.0
1.0
1.0
1.0
1.0
1.0
1.0
1.0
1.0
1.0
1.0
1.0
1.0
1.0
1.0
1.0
1.0
1.0
1.0
1.0
1.0
1.0
1.0
1.0
1.0
1.0
1.0
1.0
1.0
1.0
1.0
1.0
1.0
1.0
1.0
1.0
1.0
1.0
1.0
1.0
1.0
1.0
1.0
1.0
1.0
1.0
1.0
1.0
1.0
1.0
1.0
1.0
1.0
1.0
1.0
1.0
1.0
1.0
1.0
1.0
1.0
1.0
1.0
1.0
1.0
1.0
1.0
1.0
1.0
1.0
1.0
1.0
1.0
1.0
1.0
1.0
1.0
1.0
1.0
1.0
1.0
1.0
1.0
1.0
1.0
1.0
1.0
1.0
1.0
1.0
1.0
1.0
1.0
1.0
1.0
1.0
1.0
1.0
1.0
1.0
1.0
1.0
1.0
1.0
1.0
1.0
1.0
1.0
1.0
1.0
1.0
1.0
1.0
1.0
1.0
1.0
1.0
1.0
1.0
1.0
1.0
1.0
1.0
1.0
1.0
1.0
1.0
1.0
1.0
1.0
1.0
1.0
1.0
1.0
1.0
1.0
1.0
1.0
1.0
1.0
1.0
1.0
1.0
1.0
1.0
1.0
1.0
1.0
1.0
1.0
1.0
1.0
1.0
1.0
1.0
1.0
1.0
1.0
1.0
1.0
1.0
0.9372340425531875
0.8771428571428558
0.49
0.9480000000000001
0.11
0.07
0.03
0.03
0.06222222222222223
0.01
0.02
0.01
0.04666666666666667
0.01
0.043333333333333335
0.09000000000000001
0.02
0.07
0.049999999999999996
0.0
0.04666666666666667
0.01
0.01
0.01
0.01
0.01
0.01
0.01
0.01
0.02
0.0
0.07
0.03666666666666667
0.005
0.01
0.01
0.01
0.0
0.04
0.0
0.0
0.01
0.01
0.01
0.01
0.01
0.01
0.01
0.01
0.06333333333333334
0.01
0.0
0.005
0.0
0.043333333333333335
0.0
0.08
0.07500000000000001
0.0175
0.0475
0.01
0.01
0.01
0.0
0.0
0.005
0.0
0.0
0.01
0.005
0.01
0.005
0.055
0.01
0.0033333333333333335
0.055714285714285716
0.005
0.01
0.09
0.01
0.1225
0.6010434782608696
0.8574695863746962
0.9132167832167825
0.9971428571428572
1.0
0.8684615384615385
0.4606287425149702
0.7441475826972008
0.9140298507462699
0.5628571428571428
0.8892771084337355
0.5
0.9479310344827587
0.03
0.025
0.015
0.03
0.03
0.01
0.025
0.02
0.02
0.01
0.01
0.02
0.015
0.01
0.0
0.01
0.01
0.01
0.01
0.01
0.0033333333333333335
0.01
0.01
0.006666666666666667
0.0
0.0
0.049999999999999996
0.10692307692307691
0.175
0.01
0.225
0.0
0.005
0.01
0.005
0.01
0.01
0.01
0.005
0.01
0.01
0.01
0.01
0.02
0.036000000000000004
0.02
0.02
0.01
0.01
0.0033333333333333335
0.04
0.01
0.11500000000000002
0.006666666666666667
0.0033333333333333335
0.01
0.05333333333333334
0.5075000000000001
0.5622258064516128
0.9088669950738918
0.4478571428571429
0.7655263157894737
0.26
0.6126143790849673
0.635106382978723
0.8813398692810445
0.872419354838709
0.8388363636363627
0.8736021505376348
0.9023684210526314
0.035
0.02
0.01
0.01
0.02
0.01
0.02
0.02
0.01
0.01
0.01
0.01
0.01
0.01
0.0075
0.0
0.02
0.01
0.01
0.0
0.01
0.0
0.0
0.002
0.01
0.0
0.01
0.01
0.01
0.02
0.0
0.01
0.0
0.0
0.0
0.0
0.01
0.0033333333333333335
0.0
0.0033333333333333335
0.01
0.0
0.0
0.0
0.0
0.0
0.01
0.01
0.02
0.0
0.01
0.02
0.0
0.0
0.01
0.0
0.02
0.03333333333333333
0.01
0.01
0.01
0.01
0.0
0.0
0.0
0.005
0.01
0.0125
0.01
0.0
0.02
0.0
0.0
0.01
0.0
0.0
0.0
0.01
0.005
0.005
0.0
0.005
0.01
0.0
0.0033333333333333335
0.0
0.016666666666666666
0.01
0.0025
0.0
0.01
0.005
0.025
0.0
0.01
0.0
0.0
0.01
0.01
0.0
0.0
0.01
0.01
0.01
0.015000000000000001
0.0
0.0
0.01
0.0
0.0
0.035
0.0
0.0
0.0
0.0
0.0
0.0
0.01
0.01
0.01
0.01
0.01
0.01
0.0
0.01
0.030000000000000002
0.01
0.0
0.0
0.0025
0.0
0.0
0.0
0.0
0.0033333333333333335
0.01
0.0
0.01
0.0
0.0
0.0
0.0
0.005
0.01
0.005
0.01
0.0
0.0
0.0
0.0
0.0
0.01
0.01
0.0
0.01
0.01
0.0
0.0
0.01
0.0
0.005
0.01
0.01
0.01
0.0
0.0
0.0
0.01
0.0
0.01
0.01
0.0
0.005
0.0
0.01
0.0
0.0
0.01
0.0
0.0
0.0
0.0
0.0
0.005
0.0
0.0
0.01
0.0
0.005
0.0
0.01
0.0
0.0
0.0
0.01
0.0
0.01
0.0
0.0
0.01
0.0
0.01
0.01
0.01
0.005
0.01
0.01
0.01
0.0
0.0
0.0
0.0
0.0
0.0
0.01
0.01
0.01
0.0
0.01
0.01
0.0
0.0
0.0
0.01
0.0
0.0
0.0
0.0
0.01
0.0
0.0
0.01
0.0
0.0
0.0
0.01
0.01
0.01
0.01
0.01
0.01
0.01
0.01
0.02
0.01
0.01
0.01
0.01
0.01
0.0
0.01
0.0
0.0
0.0
0.0
0.0
0.01
0.0
0.0
0.0
0.0
0.0
0.0
0.0
0.0
0.0
0.01
0.0
0.0
0.0
0.01
0.0
0.01
0.0
0.0
0.0
0.0
0.0
0.01
0.0
0.0
0.01
0.0
0.0
0.0
0.0
0.0
0.0
0.01
0.0
0.0
0.01
0.0
0.0
0.01
0.0
0.0
0.0
0.0
0.0
0.0
0.01
0.0
0.0
0.0
0.01
0.0
0.0
0.0
0.01
0.0
0.0
0.01
0.0
0.0
0.0
0.0
0.01
0.0
0.0
0.0
0.0
0.0
0.0
0.01
0.0
0.0
0.01
0.0
0.0
0.0
0.01
0.0
0.0
0.0
0.0
0.0
0.0
0.0
0.0
0.0
0.0
0.01
0.0
0.0
0.0
0.0
0.0
0.0
0.0
0.01
0.01
0.0
0.0
0.0
0.0
0.0
0.0
0.0
0.0
0.0
0.0
0.01
0.0
0.0
0.0
0.0
0.0
0.0
0.0
0.01
0.0
0.0
0.0
0.0
0.01
0.0
0.0
0.0
0.0
0.01
0.01
0.0
0.0
0.0
0.0
0.0
0.0
0.01
0.0
0.0
0.0
0.0
0.0
0.01
0.0
0.0
0.0
0.005
0.0
0.0
0.0
0.0
0.0
0.01
0.0
0.0
0.0
0.0
0.005
0.0
0.01
0.0
0.0
0.0
0.0
0.0
0.0
0.01
0.0
0.0
0.0
0.0
0.0
0.0
0.0
0.01
0.0
0.0
0.01
0.0
0.0
0.0
0.0
0.0
0.0
0.01
0.0
0.0
0.0
0.0
0.01
0.0
0.0
0.0
0.0
0.0
0.0
0.01
0.0
0.0
0.0
0.0
0.01
0.0
0.0
0.01
0.0
0.0
0.01
0.0
0.0
0.0
0.0
0.0
0.0
0.0
0.0
0.0
0.01
0.0
0.0
0.01
0.0
0.0
0.01
0.0
0.0
0.0
0.01
0.0
0.0
0.0
0.005
0.0
0.0
0.0
0.0
0.0
0.0
0.0
0.0
0.01
0.0
0.0
0.0
0.0
0.0
0.0
0.01
0.0
0.0
0.0
0.002
0.0
0.005
0.0
0.0
0.0
0.0
0.0
0.0
0.0
0.0
0.01
0.0
0.005
0.0
0.0
0.0
0.01
0.0
0.0
0.0
0.0
0.0
0.0
0.0
0.0
0.01
0.0
0.0
0.0
0.0
0.01
0.0
0.0
0.0
0.0
0.0
0.0
0.0
0.0
0.0
0.0
0.0
0.0
0.0
0.0
0.01
0.005
0.0
0.0
0.0
0.0
0.0
0.0
0.0
0.0
0.0
0.01
0.0
0.0
0.0
0.0
0.01
0.0
0.01
0.0
0.0
0.0
0.0
0.0033333333333333335
0.0
0.0
0.0
0.0
0.0
0.0
0.0
0.0
0.0
0.0
0.0
0.0
0.0
0.0
0.0
0.0
0.0
0.01
0.0
0.0
0.01
0.0
0.0
0.01
0.0
0.0
0.00125
0.01
0.0125
0.01
0.0
0.012
0.01
0.015
0.03666666666666667
0.01
0.0
0.005
0.01
0.01
0.006666666666666667
0.02
0.0
0.005
0.01
0.01
0.01
0.01
0.0
0.01
0.0
0.0033333333333333335
0.0
0.0
0.01
0.03666666666666667
0.01
0.01
0.01
0.01
0.01
0.01
0.0
0.016666666666666666
0.5412549019607847
0.9308169014084505
0.06227368421052636
0.039879999999999964
0.04029999999999989
0.04182000000000002
0.040119999999999954
0.04087999999999996
0.04015999999999997
0.04019999999999995
0.039779999999999996
0.03947999999999995
0.03927999999999997
0.03835999999999994
0.03981999999999995
0.04059999999999992
0.04007999999999998
0.03939999999999995
0.04129999999999992
0.03841999999999991
0.03977999999999992
0.03901999999999999
0.04027999999999998
0.042339999999999954
0.03855999999999991
0.04019999999999995
0.040339999999999966
0.05402000000000002
0.04017999999999995
0.04079999999999995
0.041499999999999905
0.041239999999999846
0.04103999999999997
0.041539999999999994
0.040619999999999955
0.0392
0.04008
0.041139999999999975
0.04111999999999995
0.04113999999999992
0.040159999999999925
0.04017999999999999
0.04049999999999998
0.04043010752688171
0.011578947368421058
0.3117897727272729
0.6096875
1.0
0.81133611691023
0.8873770491803278
0.38
0.39
0.4247368421052631
0.02
0.01
0.01
0.01
0.02
0.006666666666666667
0.10000000000000002
0.006666666666666667
0.01
0.01
0.01
0.005
0.01
0.049999999999999996
0.030000000000000002
0.045
0.01
0.005
0.01
0.04625
0.005
0.005
0.005
0.6151562500000001
0.7203246753246751
0.0898314606741572
0.050639999999999984
0.05081999999999995
0.049399999999999916
0.05121999999999992
0.051639999999999936
0.049559999999999875
0.04891999999999993
0.05223999999999994
0.04883999999999996
0.05145999999999994
0.048499999999999995
0.050199999999999995
0.0501599999999999
0.05069999999999992
0.051839999999999956
0.05037999999999996
0.049039999999999966
0.03243999999999987
0.03265999999999986
0.03299999999999988
0.03557999999999985
0.050439999999999985
0.05046000000000002
0.05211999999999997
0.05123999999999992
0.050779999999999915
0.050799999999999915
0.05167999999999991
0.05027999999999997
0.052699999999999976
0.04887999999999994
0.04913999999999994
0.048359999999999986
0.0502599999999999
0.048979999999999864
0.04973999999999993
0.04851999999999983
0.05217999999999997
0.05137999999999995
0.04915999999999993
0.04849999999999997
0.04958000000000001
0.05010000000000002
0.05199999999999991
0.051959999999999985
0.05067999999999992
0.04871999999999992
0.05101999999999991
0.051094527363184004
0.1775
0.5139436619718308
0.5637313432835821
0.7077450980392154
0.9738095238095235
0.9073469387755103
0.98992
1.0
1.0
1.0
1.0
1.0
1.0
1.0
1.0
1.0
1.0
1.0
1.0
1.0
1.0
1.0
1.0
1.0
1.0
1.0
1.0
1.0
1.0
1.0
1.0
1.0
1.0
1.0
1.0
1.0
1.0
1.0
1.0
1.0
1.0
1.0
1.0
1.0
1.0
1.0
1.0
1.0
1.0
1.0
1.0
1.0
1.0
1.0
1.0
1.0
1.0
1.0
1.0
1.0
1.0
1.0
1.0
1.0
1.0
1.0
1.0
1.0
1.0
1.0
1.0
1.0
1.0
1.0
1.0
1.0
1.0
1.0
1.0
1.0
1.0
1.0
1.0
1.0
1.0
1.0
1.0
1.0
1.0
1.0
1.0
1.0
1.0
1.0
1.0
1.0
1.0
1.0
1.0
1.0
1.0
1.0
1.0
1.0
1.0
1.0
1.0
1.0
1.0
1.0
1.0
0.9627594339622639
0.8163492063492056
0.8196449704142006
0.7790099009900996
0.7894736842105263
0.8459183673469379
0.9623999999999999
0.1
0.04
0.02
0.01
0.013333333333333334
0.02
0.03
0.01
0.01
0.02
0.025
0.01
0.0033333333333333335
0.0
0.0
0.01
0.02
0.0
0.0
0.01
0.0
0.01
0.01
0.0
0.01
0.01
0.005
0.01
0.0
0.0
0.01
0.0
0.01
0.01
0.0033333333333333335
0.013333333333333334
0.02
0.0
0.0
0.01
0.01
0.01
0.01
0.0
0.01
0.01
0.0
0.01
0.0
0.0
0.005
0.0
0.01
0.0
0.01
0.01
0.01
0.0
0.0
0.0
0.01
0.0
0.0
0.01
0.005
0.0
0.01
0.01
0.01
0.0033333333333333335
0.0
0.005
0.01
0.01
0.0
0.01
0.0
0.01
0.01
0.0
0.01
0.0
0.0
0.0
0.01
0.0
0.0
0.01
0.0
0.01
0.0
0.0
0.01
0.01
0.005
0.01
0.0
0.01
0.01
0.01
0.0
0.0
0.0
0.01
0.0
0.02666666666666667
0.01
0.01
0.01
0.0
0.01
0.01
0.0
0.01
0.0
0.015
0.0
0.005
0.01
0.02
0.01
0.01
0.030000000000000002
0.01
0.0
0.01
0.006666666666666667
0.005
0.005
0.0
0.01
0.005
0.005
0.01
0.0
0.005
0.0
0.015
0.015
0.01
0.01
0.048
0.01
0.0
0.0
0.0
0.0
0.02
0.0
0.0
0.01
0.0
0.005
0.0025
0.01
0.0
0.0
0.0
0.0
0.0
0.005
0.01
0.005
0.0
0.01
0.005
0.02
0.01
0.0
0.0
0.0
0.01
0.01
0.0
0.01
0.0
0.0
0.0
0.0
0.01
0.02
0.015
0.0
0.0
0.0
0.0
0.0
0.01
0.01
0.01
0.0
0.0
0.0
0.0
0.01
0.0
0.0
0.0
0.01
0.0
0.01
0.0
0.0
0.0
0.0
0.0
0.0
0.0
0.0
0.01
0.0
0.0
0.0
0.0
0.01
0.0
0.0
0.01
0.0
0.0
0.01
0.0
0.0
0.0
0.0
0.0
0.0
0.0
0.0
0.01
0.0
0.0
0.0
0.01
0.0
0.0
0.0
0.01
0.0
0.0
0.0033333333333333335
0.01
0.01
0.01
0.01
0.01
0.01
0.005
0.01
0.01
0.01
0.01
0.01
0.005
0.0
0.01
0.0
0.0
0.0
0.0
0.0
0.0
0.0
0.0
0.01
0.0
0.0
0.0
0.0
0.0
0.0
0.01
0.0
0.0
0.0
0.0
0.0
0.0
0.0
0.0
0.0
0.005
0.0
0.0
0.01
0.0
0.0
0.0
0.0
0.0
0.0
0.0
0.01
0.0
0.0
0.01
0.0
0.0
0.0
0.0
0.0
0.0
0.0
0.0
0.0
0.0
0.0
0.0
0.0
0.0
0.005
0.0
0.0
0.01
0.0
0.0
0.0
0.0
0.0
0.01
0.005
0.0
0.0
0.0
0.0
0.0
0.01
0.0
0.0
0.0
0.0
0.0
0.0
0.01
0.0
0.0
0.0
0.0
0.0
0.01
0.0
0.0
0.0
0.0
0.01
0.0
0.0
0.0
0.0
0.0
0.01
0.0
0.0
0.0
0.0
0.0
0.01
0.0
0.0
0.0
0.0
0.0
0.0
0.0
0.0
0.0
0.01
0.0
0.0
0.005
0.0
0.0
0.0
0.0
0.01
0.0
0.0
0.0
0.01
0.01
0.0
0.0
0.0
0.0
0.0
0.0
0.0
0.01
0.0
0.0
0.0
0.0
0.0
0.0
0.0
0.01
0.0
0.0
0.0
0.0
0.0
0.01
0.0
0.0
0.0
0.0
0.01
0.01
0.0
0.0
0.0
0.0
0.01
0.0
0.0
0.01
0.0
0.0
0.0
0.0
0.0
0.0
0.0
0.0
0.01
0.0
0.004285714285714286
0.01
0.0
0.0
0.0
0.01
0.0
0.0
0.0
0.0
0.01
0.0
0.0
0.01
0.0
0.0
0.0
0.01
0.0
0.0
0.0
0.0
0.0
0.0
0.01
0.0
0.0
0.01
0.0
0.0
0.0
0.0
0.0
0.0
0.0
0.0
0.0
0.0
0.0
0.0
0.0
0.0
0.01
0.0
0.01
0.0
0.0
0.0
0.0
0.0
0.0
0.0
0.0
0.0
0.0
0.0
0.01
0.0
0.0
0.0
0.0
0.0
0.01
0.0
0.01
0.01
0.0
0.0
0.0
0.01
0.0
0.0
0.0
0.0
0.01
0.0
0.0
0.01
0.0
0.0
0.0
0.0
0.0
0.0
0.0
0.0
0.0
0.01
0.0
0.0
0.01
0.0
0.0
0.0
0.0
0.0
0.0
0.0
0.0
0.0
0.0
0.0
0.0
0.0
0.0
0.0
0.0
0.0
0.0
0.0
0.0
0.0
0.0
0.0
0.0
0.01
0.0
0.0
0.0
0.0
0.0
0.01
0.0
0.0
0.0
0.003076923076923077
0.0
0.0
0.0
0.01
0.01
0.01
0.0
0.01
0.01
0.030000000000000006
0.0
0.005
0.005
0.01
0.01
0.030000000000000002
0.0033333333333333335
0.02
0.0033333333333333335
0.016
0.005
0.01
0.01
0.005
0.01
0.01
0.01
0.005
0.005
0.02
0.01
0.0033333333333333335
0.005
0.037500000000000006
0.03666666666666667
0.0475
0.0033333333333333335
0.01
0.0
0.01
0.5830545454545454
0.8432812500000003
0.5439473684210526
0.6440625000000001
0.2552173913043479
0.5249999999999998
0.6257831325301205
0.9609756097560977
0.9238805970149245
0.8433830845771132
0.857175925925926
0.8584771573604071
0.834082840236687
0.7900000000000003
0.8579783393501811
0.04
0.03
0.02
0.03
0.03
0.04
0.023333333333333334
0.023333333333333334
0.01
0.01
0.01
0.01
0.01
0.01
0.0
0.015
0.01
0.01
0.0
0.0
0.01
0.01
0.0
0.016666666666666666
0.0
0.025
0.0
0.01
0.01
0.01
0.005
0.01
0.01
0.005
0.01
0.0
0.0
0.01
0.005
0.01
0.01
0.01
0.0
0.0
0.0
0.0
0.005
0.01
0.01
0.01
0.02
0.01
0.02
0.01
0.0
0.01
0.0033333333333333335
0.0
0.0
0.0
0.01
0.01
0.0
0.01
0.01
0.01
0.01
0.01
0.0
0.0
0.0
0.01
0.0
0.01
0.005
0.0
0.01
0.0
0.0
0.0
0.0
0.01
0.0
0.01
0.01
0.01
0.0
0.01
0.0
0.0
0.01
0.01
0.0
0.01
0.01
0.005
0.0
0.0
0.01
0.0
0.03
0.0
0.0375
0.01
0.01
0.11
0.0
0.0
0.0
0.005
0.0
0.01
0.01
0.0
0.0
0.005
0.0
0.0
0.01
0.0
0.005
0.0
0.0
0.02
0.04
0.01
0.0
0.01
0.01
0.01
0.0
0.0
0.01
0.018
0.01
0.0
0.0
0.01
0.0
0.01
0.0
0.0
0.01
0.0
0.0
0.0
0.01
0.006666666666666667
0.0
0.0
0.0
0.01
0.0
0.01
0.0
0.0
0.01
0.0
0.01
0.01
0.0033333333333333335
0.004
0.01
0.005
0.0
0.01
0.0
0.01
0.0
0.01
0.01
0.02
0.01
0.005
0.01
0.0
0.0
0.0
0.0
0.0
0.0
0.0
0.01
0.01
0.0
0.0
0.01
0.01
0.0
0.0
0.01
0.01
0.01
0.0
0.02
0.0
0.0
0.0
0.0
0.01
0.0
0.01
0.0
0.0
0.01
0.01
0.01
0.0
0.0
0.01
0.0
0.0
0.0
0.0
0.0
0.0
0.01
0.0
0.0
0.005
0.0
0.0
0.0
0.0
0.0
0.0
0.005
0.01
0.0
0.01
0.01
0.01
0.01
0.01
0.01
0.01
0.0
0.0
0.0
0.0
0.01
0.0
0.0
0.01
0.0
0.0
0.01
0.0
0.0
0.0
0.0
0.0
0.0
0.0
0.01
0.0
0.01
0.0
0.0
0.0
0.0
0.01
0.0
0.0
0.0
0.01
0.0
0.01
0.01
0.01
0.01
0.0
0.0
0.0
0.01
0.0
0.01
0.0
0.0
0.005
0.0
0.0
0.0
0.0
0.0
0.0
0.0
0.0
0.0
0.0
0.0
0.0
0.0
0.0
0.0
0.0
0.0
0.01
0.005
0.01
0.01
0.01
0.0
0.0
0.01
0.0
0.0
0.0
0.0
0.0
0.005
0.0
0.0
0.0
0.0
0.0
0.0
0.0
0.0
0.0
0.0
0.0
0.0
0.0
0.0
0.005
0.0
0.0
0.0
0.01
0.0
0.0
0.0
0.0
0.0
0.0
0.0
0.01
0.0
0.0
0.0
0.0
0.0
0.0
0.0
0.0
0.0
0.01
0.0
0.0
0.0
0.01
0.0
0.0
0.01
0.0
0.0
0.01
0.0
0.0
0.0
0.0
0.0
0.0
0.01
0.0
0.0
0.01
0.0
0.0
0.0
0.01
0.0
0.0
0.0
0.0
0.0
0.0
0.0
0.01
0.0
0.0
0.01
0.0
0.0
0.0
0.0
0.0
0.0
0.0
0.0
0.0
0.0
0.0
0.0
0.0
0.0
0.01
0.0
0.0
0.0
0.0
0.0
0.01
0.0
0.01
0.0
0.0
0.01
0.01
0.0
0.01
0.0
0.0
0.01
0.0
0.0
0.0
0.0
0.0
0.0
0.0
0.0
0.0
0.01
0.0
0.0
0.0
0.0
0.0
0.01
0.0
0.0
0.0
0.0
0.005
0.0
0.0
0.0
0.0
0.01
0.01
0.0
0.01
0.0
0.01
0.0
0.0
0.0
0.0
0.0
0.0
0.0
0.0
0.01
0.0
0.0
0.0
0.0
0.01
0.0
0.0
0.0
0.0
0.0
0.0
0.0
0.01
0.0
0.0
0.0
0.0
0.0
0.0
0.0
0.0
0.0
0.01
0.0
0.0
0.01
0.0
0.0
0.01
0.0
0.0
0.01
0.0
0.0
0.005
0.01
0.0
0.0
0.01
0.0
0.0
0.0
0.0
0.0
0.0
0.01
0.0
0.01
0.0
0.005
0.0
0.0
0.0
0.0
0.0
0.01
0.0
0.0
0.01
0.0
0.0
0.0
0.0
0.0
0.0
0.0
0.0
0.01
0.0
0.0
0.01
0.0
0.0
0.01
0.0
0.0
0.0
0.0
0.0
0.0
0.0
0.0
0.01
0.0
0.0
0.0
0.0
0.0
0.01
0.0
0.0
0.0
0.0
0.0
0.0
0.01
0.0
0.0
0.0
0.0
0.0
0.0
0.01
0.0
0.0
0.0
0.0
0.0
0.01
0.0
0.0
0.0
0.0
0.0
0.0
0.0
0.0
0.0
0.0
0.0
0.0
0.0
0.0
0.0
0.01
0.0
0.01
0.0
0.0
0.01
0.0
0.01
0.0
0.0
0.0
0.0
0.0
0.0
0.01
0.0
0.0
0.01
0.0
0.0
0.0
0.01
0.0
0.0
0.01
0.0
0.0
0.0
0.0
0.0
0.0
0.0
0.0
0.0
0.0
0.0
0.0
0.0
0.0
0.0
0.0
0.01
0.0
0.0
0.0
0.0
0.01
0.0
0.01
0.0
0.0
0.0
0.005
0.0
0.0
0.0
0.01
0.0
0.0
0.01
0.0
0.0
0.0
0.0
0.0
0.0
0.0
0.0
0.01
0.0
0.0
0.0
0.0
0.0
0.0
0.01
0.0
0.0
0.01
0.01
0.01
0.0
0.01
0.0
0.0
0.01
0.0
0.005
0.0
0.0
0.01
0.0
0.0
0.01
0.0
0.01
0.0
0.0
0.0
0.0
0.0
0.0
0.0
0.0
0.00625
0.01
0.0
0.01
0.0
0.0
0.0
0.01
0.0
0.0
0.0
0.0
0.01
0.0
0.0
0.0
0.0
0.0
0.0
0.0
0.0
0.0
0.0
0.0
0.01
0.0
0.0
0.0
0.0
0.0
0.01
0.0
0.0
0.0
0.0
0.0
0.0
0.0
0.0
0.0
0.0
0.0
0.0
0.01
0.0
0.0
0.0
0.0
0.01
0.0
0.0
0.01
0.0
0.0
0.0
0.0
0.0
0.0
0.0
0.0
0.0
0.0
0.0
0.0
0.0
0.01
0.0
0.0
0.01
0.0
0.0
0.01
0.0
0.0
0.0
0.0
0.0
0.0
0.01
0.0
0.0
0.0
0.0
0.0
0.01
0.0
0.0
0.0
0.0
0.01
0.01
0.0033333333333333335
0.01
0.0
0.01
0.01
0.0
0.0
0.01
0.01
0.005
0.01
0.015
0.005
0.045
0.01
0.0
0.0
0.016666666666666666
0.005
0.01
0.02
0.01
0.01
0.01
0.015
0.01
0.02
0.0
0.01
0.02
0.01
0.0033333333333333335
0.0
0.5158490566037736
0.9314315789473692
0.6078947368421054
0.6397560975609757
0.37666666666666665
0.1769230769230769
0.6038738738738741
0.8946391752577323
0.9697674418604648
0.7137113402061852
0.8933177570093449
0.8536697247706415
0.8502325581395345
0.8096341463414626
0.8463350785340309
0.7965624999999998
0.515
0.7409999999999999
0.9264
0.06
0.07
0.025
0.02
0.02
0.02
0.01
0.01
0.01
0.01
0.01
0.01
0.01
0.01
0.0
0.01
0.03666666666666667
0.01
0.0
0.055
0.01
0.06
0.01
0.0
0.0
0.01
0.01
0.0
0.005
0.0
0.038
0.0
0.03333333333333333
0.0033333333333333335
0.0
0.01
0.01
0.0033333333333333335
0.025
0.01
0.005
0.005
0.0075
0.01
0.005
0.005
0.0
0.01
0.0
0.03
0.01
0.01
0.01
0.019999999999999997
0.005
0.01
0.01
0.0
0.005
0.0
0.01
0.01
0.005
0.0
0.0
0.023333333333333334
0.0033333333333333335
0.0
0.01
0.0
0.0
0.0
0.0
0.01
0.01
0.005
0.005
0.01
0.0
0.0
0.005
0.005
0.01
0.01
0.01
0.0
0.0
0.01
0.005
0.01
0.0
0.0033333333333333335
0.0
0.01
0.01
0.01
0.0
0.02
0.0
0.0
0.01
0.0
0.01
0.01
0.0025
0.01
0.01
0.01
0.025
0.0
0.0
0.01
0.01
0.01
0.01
0.01
0.0
0.01
0.0
0.0
0.0
0.0
0.005
0.0
0.005
0.0
0.0
0.0
0.01
0.0
0.0
0.01
0.0
0.01
0.0
0.0
0.0
0.01
0.01
0.005
0.005
0.01
0.0
0.01
0.01
0.02
0.0
0.0
0.028000000000000004
0.01
0.0
0.01
0.0
0.01
0.0
0.0
0.0
0.01
0.0
0.01
0.0
0.0
0.0
0.01
0.0
0.0
0.01
0.01
0.0
0.01
0.01
0.0
0.0
0.01
0.0
0.01
0.01
0.0
0.01
0.0
0.01
0.0
0.01
0.01
0.0033333333333333335
0.0
0.01
0.01
0.01
0.01
0.0
0.01
0.0
0.0
0.0
0.0
0.0
0.005
0.0
0.01
0.01
0.0
0.0
0.0
0.01
0.01
0.01
0.0
0.005
0.0
0.01
0.01
0.0
0.0
0.0
0.0
0.0
0.01
0.0
0.0
0.01
0.0
0.0
0.0
0.01
0.0
0.0
0.0
0.0
0.0
0.0
0.0
0.0
0.0
0.0
0.01
0.01
0.0
0.0
0.0
0.005
0.006666666666666667
0.0
0.0
0.0
0.0
0.0
0.0
0.0
0.01
0.0
0.0
0.01
0.01
0.0
0.0
0.0
0.0
0.0
0.01
0.01
0.0
0.0
0.005
0.0
0.0
0.0
0.0
0.0
0.0
0.0025
0.01
0.0
0.0
0.0
0.01
0.0
0.0
0.005
0.0
0.0
0.0
0.0
0.01
0.01
0.01
0.01
0.01
0.01
0.01
0.01
0.01
0.01
0.01
0.01
0.01
0.01
0.01
0.01
0.01
0.01
0.01
0.005
0.01
0.0
0.0
0.0
0.0
0.01
0.0
0.0
0.0
0.01
0.0
0.0
0.0
0.0
0.0
0.01
0.0
0.0
0.0
0.0
0.0
0.0
0.0
0.01
0.0
0.0
0.0
0.0
0.01
0.0
0.0
0.0
0.01
0.0
0.0
0.01
0.02
0.0
0.01
0.01
0.0
0.0
0.0
0.005
0.0
0.0
0.0
0.0
0.0
0.0
0.0
0.0
0.0
0.0
0.0
0.0
0.01
0.01
0.01
0.01
0.01
0.01
0.01
0.01
0.01
0.01
0.01
0.01
0.01
0.01
0.01
0.01
0.006666666666666667
0.01
0.0
0.005
0.0
0.0
0.0
0.0
0.0
0.0
0.01
0.0
0.0
0.0
0.0
0.0
0.0
0.0
0.0
0.0
0.0
0.0
0.01
0.0
0.0
0.0
0.0
0.01
0.0
0.0
0.0
0.0
0.01
0.0
0.0
0.0
0.0
0.0
0.01
0.0
0.0
0.0
0.0
0.01
0.0
0.0
0.01
0.0
0.0
0.01
0.01
0.0
0.0
0.0
0.01
0.0
0.0
0.0
0.0
0.01
0.01
0.0
0.0
0.0
0.0
0.0
0.01
0.0
0.0
0.01
0.0
0.0
0.0
0.01
0.0
0.0
0.0
0.0
0.0
0.0
0.0
0.0
0.0
0.01
0.0
0.0
0.0
0.0
0.0
0.0
0.0
0.0
0.01
0.0
0.01
0.0
0.0
0.01
0.0
0.0
0.01
0.0
0.0
0.0
0.0
0.0
0.0
0.0
0.0
0.0
0.0
0.0
0.0
0.0
0.0
0.0
0.0
0.0
0.01
0.0
0.0
0.0
0.0
0.0
0.0
0.0033333333333333335
0.0
0.004
0.01
0.01
0.0
0.0
0.01
0.0
0.0
0.01
0.0
0.0
0.0
0.005
0.01
0.0
0.01
0.0
0.0
0.0
0.01
0.01
0.0
0.0
0.0
0.0
0.0
0.0
0.0
0.01
0.0
0.0
0.0
0.01
0.0
0.0
0.0
0.0
0.01
0.0
0.0
0.01
0.0
0.0
0.01
0.0
0.0
0.0
0.0
0.0
0.0
0.0
0.0
0.0
0.01
0.0
0.0
0.0
0.01
0.0
0.0
0.0
0.0
0.0
0.0
0.0
0.0
0.0
0.0
0.0
0.0
0.0
0.0
0.0
0.0
0.0
0.0
0.01
0.005
0.0
0.0
0.0
0.0
0.0
0.01
0.0
0.0
0.0
0.0
0.0
0.0
0.0
0.0
0.0
0.0
0.0
0.0
0.0
0.0
0.0
0.0
0.0
0.0
0.0
0.0
0.0
0.0
0.01
0.0
0.0
0.0
0.0
0.0
0.01
0.0
0.0
0.0
0.0
0.01
0.0
0.0
0.0
0.0
0.0
0.0
0.0
0.0
0.0
0.0
0.0
0.0
0.01
0.0
0.0
0.0
0.0
0.01
0.0
0.0
0.0
0.0
0.01
0.0
0.0
0.01
0.0
0.0
0.0
0.0
0.0
0.0
0.01
0.0
0.0
0.01
0.0
0.0
0.0
0.0
0.01
0.0
0.0
0.01
0.0
0.0
0.0
0.0
0.0
0.0
0.01
0.0
0.0
0.0
0.0
0.01
0.0
0.0
0.0
0.0
0.0
0.0
0.01
0.0
0.01
0.0
0.0
0.0
0.0
0.0
0.0
0.0
0.01
0.0
0.0
0.004285714285714286
0.01
0.0
0.0
0.005
0.0
0.005
0.01
0.0
0.01
0.030000000000000002
0.043333333333333335
0.0
0.0
0.01
0.01
0.0375
0.01
0.02
0.01
0.08
0.0
0.0033333333333333335
0.01
0.01
0.006666666666666667
0.01
0.01
0.0
0.01
0.02
0.0
0.018
0.0
0.0
0.01
0.005
0.02
0.0
0.01
0.46815028901734107
0.9747044917257683
0.9577551020408164
0.9609329446064145
0.7748780487804877
0.662
0.24571428571428572
0.10534883720930231
0.04025999999999997
0.03941999999999994
0.040119999999999933
0.041459999999999955
0.04051999999999989
0.04111999999999996
0.04163999999999997
0.04059999999999999
0.03877999999999997
0.04111999999999995
0.04085999999999993
0.04105999999999998
0.03921999999999994
0.04017999999999994
0.04058
0.03867999999999995
0.04031999999999997
0.04103999999999997
0.04021999999999992
0.039539999999999936
0.04059999999999994
0.038959999999999946
0.041919999999999936
0.03993999999999994
0.039599999999999906
0.04124000000000003
0.040959999999999934
0.04298000000000005
0.03921999999999991
0.04202000000000004
0.038779999999999946
0.040479999999999974
0.040399999999999936
0.04133999999999998
0.039200000000000054
0.04129999999999996
0.0387
0.03849999999999998
0.04185999999999998
0.04101999999999996
0.438404255319149
0.9023880597014913
0.8903749999999997
0.8776047904191617
0.8517058823529416
0.8177528089887626
0.7967999999999996
0.6707199999999987
0.825136186770427
0.9119999999999997
0.0325
0.03
0.03
0.01
0.01
0.02
0.02
0.02
0.01
0.01
0.01
0.01
0.005
0.01
0.055
0.0
0.005
0.01
0.0
0.037500000000000006
0.01
0.01
0.006666666666666667
0.005
0.02
0.005
0.005
0.0
0.01
0.0
0.0
0.0
0.0
0.0
0.0
0.005
0.0
0.0
0.01
0.01
0.01
0.005
0.01
0.005
0.01
0.0
0.01
0.01
0.024
0.0
0.006666666666666667
0.019999999999999997
0.01
0.01
0.01
0.005
0.0
0.0
0.01
0.10111111111111112
0.0
0.01
0.0033333333333333335
0.005
0.0
0.0
0.0
0.01
0.01
0.0
0.0
0.0
0.0
0.035
0.0
0.0
0.01
0.0
0.005
0.02
0.01
0.0
0.01
0.01
0.005
0.01
0.01
0.01
0.0
0.0
0.0
0.01
0.01
0.0
0.005
0.0
0.01
0.01
0.035
0.005
0.01
0.02
0.0
0.0
0.01
0.0
0.01
0.0
0.01
0.0
0.01
0.0
0.01
0.0
0.0
0.005
0.005
0.005
0.0
0.01
0.01
0.01
0.01
0.03333333333333333
0.0
0.01
0.01
0.0
0.01
0.0
0.01
0.01
0.01
0.0
0.0
0.0
0.0
0.0
0.035
0.0
0.01
0.0
0.0
0.01
0.01
0.0
0.0
0.01
0.0
0.0
0.0
0.0
0.015
0.0033333333333333335
0.01
0.01
0.0
0.0
0.01
0.01
0.01
0.0
0.01
0.005
0.01
0.0
0.0
0.01
0.0
0.0033333333333333335
0.0
0.005
0.0
0.0
0.0
0.01
0.0
0.0
0.0
0.0
0.02
0.01
0.0
0.01
0.01
0.01
0.0
0.0
0.01
0.0
0.0
0.015
0.0
0.0
0.005
0.0033333333333333335
0.0
0.0
0.01
0.0
0.0
0.01
0.0
0.0
0.0
0.0
0.0
0.01
0.0
0.0
0.0
0.01
0.0
0.0
0.01
0.0
0.0
0.0
0.01
0.0
0.0
0.0
0.01
0.0
0.0
0.0
0.0
0.0
0.0
0.0
0.01
0.01
0.005
0.01
0.01
0.01
0.0
0.0
0.01
0.0
0.0
0.0
0.0
0.0
0.01
0.0
0.01
0.0
0.0
0.0
0.0
0.0
0.0
0.0
0.01
0.0
0.0
0.0
0.0
0.0
0.0
0.0
0.0
0.0
0.0
0.01
0.0
0.0
0.0
0.0
0.0
0.0
0.01
0.0
0.0
0.0
0.0
0.0
0.0
0.0
0.01
0.0
0.0
0.0
0.0
0.01
0.0
0.0
0.01
0.0
0.0
0.005
0.0
0.0
0.0
0.0
0.0
0.01
0.0
0.01
0.0
0.0
0.01
0.0
0.0
0.01
0.0
0.0
0.0
0.0
0.01
0.01
0.01
0.01
0.01
0.01
0.01
0.01
0.01
0.01
0.01
0.01
0.01
0.005
0.01
0.01
0.0
0.01
0.0
0.01
0.0
0.0
0.01
0.0
0.0
0.0
0.01
0.0
0.0
0.0
0.0
0.0
0.0
0.0
0.0
0.0
0.0
0.0
0.01
0.0
0.01
0.0
0.0
0.01
0.0
0.0
0.0
0.0
0.0
0.0
0.0
0.0
0.0
0.0
0.0
0.0
0.0
0.0
0.0
0.0
0.0
0.01
0.0
0.0
0.0
0.01
0.0
0.0
0.0
0.0
0.01
0.0
0.0
0.0
0.0
0.0
0.0
0.0
0.01
0.0
0.0
0.0
0.01
0.0
0.01
0.0
0.0
0.0
0.0
0.0
0.0
0.0
0.0
0.0
0.0
0.0
0.0
0.0
0.01
0.0
0.01
0.0
0.0
0.0
0.0
0.0
0.0
0.0
0.0
0.0
0.0
0.0
0.01
0.0
0.0
0.0
0.0
0.0
0.0
0.0
0.0
0.0
0.0
0.0
0.0
0.0
0.0
0.0
0.0
0.0
0.0
0.0
0.0
0.0
0.01
0.0
0.0
0.0
0.01
0.0
0.0
0.0
0.0
0.0
0.0
0.01
0.0
0.01
0.0
0.0
0.0
0.0
0.0
0.0
0.0
0.0
0.0
0.0
0.0
0.0
0.0
0.0
0.0
0.0
0.01
0.0
0.0
0.0
0.0
0.01
0.0
0.0
0.0
0.0
0.0
0.0
0.0
0.0
0.0
0.01
0.0
0.0
0.0
0.0
0.0
0.01
0.0
0.0
0.0
0.0
0.0
0.0
0.0
0.0
0.0
0.01
0.0
0.0
0.0
0.0
0.01
0.0
0.0
0.0
0.0
0.01
0.0
0.01
0.0
0.0
0.0
0.01
0.0
0.0
0.0
0.01
0.0
0.0
0.0
0.0
0.0
0.0
0.0
0.0
0.01
0.0
0.0
0.0
0.0
0.01
0.0
0.01
0.0
0.0
0.0
0.0
0.0
0.0
0.01
0.0
0.0
0.0
0.0
0.01
0.0
0.0
0.0
0.0
0.0
0.0
0.0
0.0
0.0
0.0
0.0
0.0
0.0
0.0
0.0
0.01
0.0
0.0
0.01
0.0
0.0
0.0
0.0
0.0
0.0
0.01
0.0
0.0
0.0
0.0
0.0
0.0
0.01
0.0
0.01
0.0
0.0
0.0
0.0
0.0
0.0
0.01
0.0
0.0
0.0
0.0
0.0
0.0
0.0
0.01
0.0
0.0
0.0
0.0
0.01
0.0
0.01
0.0
0.01
0.0
0.0
0.0
0.0
0.0
0.01
0.0
0.0
0.0
0.0
0.0
0.0
0.0
0.01
0.0
0.0
0.0
0.0
0.0
0.0
0.0
0.0
0.0
0.01
0.0
0.01
0.0
0.01
0.0
0.0
0.0
0.01
0.0
0.0
0.0
0.0
0.0
0.01
0.0
0.0
0.0
0.0
0.0
0.0
0.01
0.0
0.0
0.0
0.0
0.0
0.0
0.01
0.0
0.0
0.01
0.0
0.0
0.0
0.0
0.0
0.01
0.0
0.0
0.0
0.0
0.0
0.0
0.0
0.0
0.0
0.0
0.0
0.0
0.01
0.0
0.0
0.0
0.0
0.0
0.0
0.01
0.0
0.0
0.0
0.0
0.0
0.01
0.0
0.0
0.0
0.0
0.0
0.0
0.01
0.0
0.0
0.01
0.0
0.0
0.0
0.0
0.0
0.0
0.01
0.0
0.0
0.0
0.0
0.0
0.0
0.01
0.0
0.0
0.01
0.0
0.0
0.0
0.0
0.0
0.0
0.0
0.0
0.0
0.0
0.0
0.0
0.0
0.0
0.0
0.0
0.0
0.01
0.0
0.0
0.01
0.0
0.0
0.0
0.0
0.0
0.01
0.0
0.01
0.0
0.0
0.0
0.01
0.0
0.0
0.0
0.0
0.0
0.0
0.0
0.0
0.01
0.0
0.0
0.0
0.003333333333333333
0.0
0.0033333333333333335
0.005
0.0
0.01
0.01
0.01
0.0
0.02
0.015
0.01
0.02
0.01
0.005
0.013333333333333334
0.01
0.0
0.01
0.01
0.0
0.01
0.01
0.01
0.0
0.02
0.005
0.0033333333333333335
0.0
0.01
0.0
0.005
0.02
0.0
0.01
0.01
0.01
0.02
0.01
0.005
0.01
0.0
0.005
0.0
0.02
0.01
0.5394520547945206
0.6478125
1.0
1.0
1.0
1.0
0.8458914728682172
0.9295454545454546
0.9154271356783917
0.883888888888888
0.903125
1.0
0.07891428571428563
0.15507999999999994
0.9418622448979592
1.0
0.9251985559566788
0.5283928571428572
0.3585714285714286
0.5449541284403672
0.8314728682170536
0.9386666666666665
0.9519135802469136
1.0
1.0
1.0
1.0
1.0
1.0
0.8395999999999999
0.8529533678756477
0.8767391304347821
0.7253846153846151
0.7969620253164559
0.11
0.01
0.01
0.01
0.01
0.01
0.01
0.005
0.01
0.01
0.01
0.02
0.01
0.01
0.0425
0.01
0.011666666666666665
0.0033333333333333335
0.02
0.005
0.01
0.02
0.01
0.005
0.01
0.01
0.062
0.02
0.01
0.01
0.005
0.0
0.0
0.01
0.004545454545454546
0.005
0.01
0.005
0.01
0.0
0.01
0.0033333333333333335
0.0
0.0
0.005
0.0025
0.0033333333333333335
0.0
0.0
0.4452941176470593
1.0
1.0
1.0
1.0
1.0
1.0
